0.643316 0.296716
0.647883 0.283015
0.661584 0.249740
0.670066 0.236691
0.667457 0.175360
0.642011 0.171446
0.641359 0.142085
0.617870 0.135561
0.615261 0.076188
0.592425 0.070968
0.591120 0.040956
0.565674 0.037693
0.565022 -0.020375
0.539576 -0.027551
0.538924 -0.054954
0.514131 -0.062784
0.512173 -0.119547
0.488685 -0.125419
0.488196 -0.154942
0.462750 -0.158205
0.461446 -0.219535
0.436652 -0.223450
0.434043 -0.252810
0.411859 -0.258682
0.411207 -0.319360
0.353139 -0.325232
0.327041 -0.331104
0.265058 -0.306311
0.235698 -0.314793
0.126300 -0.265200
0.101800 -0.255300
0.103500 -0.275600
0.068018 -0.261292
0.035900 -0.248200
0.009600 -0.237000
0.012700 -0.256300
-0.054100 -0.230800
-0.079800 -0.217800
-0.078000 -0.236600
-0.107328 -0.224754
-0.149084 -0.211705
-0.169300 -0.198000
-0.172100 -0.219200
-0.199323 -0.207791
-0.218244 -0.203224
-0.246952 -0.211053
-0.312849 -0.186749
-0.335685 -0.192621
-0.400930 -0.165871
-0.426376 -0.176310
-0.437467 -0.161304
-0.452474 -0.137163
-0.448559 -0.069308
-0.428333 -0.082357
-0.425071 -0.037338
-0.400278 -0.045820
-0.397668 0.031169
-0.374832 0.014858
-0.371570 0.065096
-0.350691 0.050090
-0.345472 0.129036
-0.321984 0.114030
-0.321331 0.164269
-0.298495 0.147958
-0.295886 0.197544
-0.273702 0.183842
-0.266525 0.260831
-0.248257 0.246477
-0.243669 0.297663
-0.221452 0.282234
-0.215897 0.361230
-0.194914 0.345801
-0.192445 0.397025
-0.170228 0.379127
-0.167142 0.429117
-0.138753 0.447014
-0.112832 0.451335
-0.102341 0.429734
-0.080740 0.438991
-0.069014 0.420477
-0.023962 0.434054
-0.012853 0.413688
0.009364 0.422328
0.022324 0.401962
0.065525 0.418008
0.077868 0.395791
0.098852 0.404431
0.131561 0.413071
0.159333 0.397025
0.167356 0.379745
0.189573 0.385299
0.201299 0.364316
0.222283 0.374807
0.254375 0.382830
0.280912 0.366784
0.292638 0.346418
0.314856 0.357527
0.346331 0.364316
0.370400 0.348270
0.382743 0.327904
0.404366 0.341735
0.435800 0.347300
0.461781 0.333253
0.471568 0.313027
0.494404 0.320857
0.506148 0.299326
0.549862 0.318899
0.559649 0.292801
0.583137 0.299978
0.594881 0.283667