0.156959 0.426035
0.190493 0.414471
0.215354 0.419097
0.224316 0.396837
0.240793 0.408690
0.280687 0.397126
0.301501 0.404642
0.315378 0.376601
0.335903 0.389032
0.378109 0.376312
0.396321 0.383539
0.406150 0.360990
0.428128 0.372257
0.439997 0.346936
0.460833 0.360652
0.485098 0.351156
0.472966 0.247502
0.483189 0.250057
0.479674 0.171990
0.489849 0.174580
0.487376 0.096219
0.496010 0.098945
0.493738 0.020786
0.502826 0.022604
0.499646 -0.054646
0.509643 -0.052374
0.505875 -0.130439
0.516879 -0.128081
0.512163 -0.234983
0.521596 -0.233017
0.523290 -0.299090
0.533318 -0.317474
0.488193 -0.323881
0.372040 -0.293798
0.364241 -0.293520
0.282196 -0.275341
0.273957 -0.276642
0.191567 -0.256261
0.183328 -0.257129
0.103541 -0.237615
0.093565 -0.238374
0.011754 -0.220162
0.003082 -0.221318
-0.073657 -0.198860
-0.086666 -0.204063
-0.164719 -0.182599
-0.177728 -0.183900
-0.273993 -0.157882
-0.268790 -0.113652
-0.281148 -0.101293
-0.276595 -0.038851
-0.288303 -0.027793
-0.283750 0.037251
-0.295458 0.047658
-0.279847 0.067822
-0.293507 0.076277
-0.289604 0.112702
-0.302613 0.123109
-0.284400 0.143273
-0.300011 0.153680
-0.296108 0.189454
-0.309768 0.203114
-0.292206 0.221326
-0.308090 0.228401
-0.301838 0.292703
-0.314855 0.302638
-0.308841 0.368794
-0.318682 0.376995
-0.315949 0.444791
-0.327977 0.457367
-0.309934 0.479236
-0.324696 0.490718
-0.319229 0.526803
-0.287518 0.513134
-0.269475 0.520789
-0.257994 0.495639
-0.237218 0.512041
-0.226829 0.484704
-0.204413 0.498372
-0.171062 0.486891
-0.147005 0.491811
-0.136070 0.467208
-0.113654 0.480330
-0.080849 0.468301
-0.054605 0.474862
-0.044217 0.445338
-0.020707 0.462834
0.010457 0.449712
0.031780 0.456273
0.045995 0.429483
0.068412 0.445885
0.100123 0.432763
0.122539 0.439324
0.134021 0.416361
