-0.322492 0.527073
-0.300977 0.517718
-0.297235 0.536427
-0.270107 0.521460
-0.259817 0.499009
-0.246720 0.512105
-0.233624 0.508364
-0.226140 0.485913
-0.204624 0.499944
-0.192464 0.474687
-0.170948 0.486848
-0.148497 0.494332
-0.138207 0.471881
-0.113885 0.482171
-0.082079 0.487784
-0.049338 0.470945
-0.044661 0.449430
-0.025016 0.462526
0.003047 0.473752
0.034853 0.455042
0.044207 0.432591
0.061046 0.445688
0.090045 0.436333
0.097529 0.453172
0.122786 0.438204
0.133076 0.413882
0.155527 0.426043
0.169559 0.404528
0.189203 0.415753
0.211654 0.424172
0.223815 0.397980
0.244396 0.411076
0.272459 0.397044
0.277137 0.413882
0.304265 0.405463
0.316426 0.378335
0.337006 0.394238
0.365070 0.380206
0.363199 0.399850
0.393133 0.384883
0.403423 0.362432
0.419326 0.376464
0.433358 0.370851
0.438971 0.351207
0.453001 0.362797
0.484872 0.351089
0.480319 0.254173
0.484872 0.243116
0.483571 0.180023
0.491377 0.169616
0.490076 0.103271
0.497231 0.092213
0.496580 0.028470
0.506337 0.015461
0.505455 -0.048975
0.512906 -0.060437
0.511186 -0.122333
0.521502 -0.137234
0.519034 -0.227208
0.524877 -0.240062
0.522771 -0.300652
0.451374 -0.314809
0.356588 -0.277879
0.341817 -0.285265
0.325198 -0.285881
0.264880 -0.258799
0.250724 -0.263723
0.235337 -0.266185
0.175634 -0.240950
0.162093 -0.248951
0.145475 -0.250182
0.085773 -0.223101
0.068539 -0.229871
0.054383 -0.230487
-0.004548 -0.204551
-0.021134 -0.214308
-0.035769 -0.215283
-0.096260 -0.186013
-0.109919 -0.193819
-0.126506 -0.196746
-0.185045 -0.167476
-0.200656 -0.176257
-0.217242 -0.177233
-0.264887 -0.159508
-0.277246 -0.136092
-0.264237 -0.127636
-0.272693 -0.106822
-0.281799 -0.102269
-0.267489 -0.082756
-0.281799 -0.072999
-0.277896 -0.033322
-0.287002 -0.024866
-0.273993 -0.009256
-0.287002 0.000501
-0.282449 0.042129
-0.294157 0.051886
-0.281799 0.068147
-0.293507 0.078554
-0.290254 0.118881
-0.302613 0.126687
-0.287002 0.140346
-0.301962 0.154005
-0.296759 0.194333
-0.307166 0.203439
-0.294157 0.219049
-0.308117 0.227412
-0.304119 0.298880
-0.314614 0.303878
-0.309117 0.376845
-0.321611 0.381343
-0.314614 0.448313
-0.327609 0.459308
-0.313374 0.474464
-0.327180 0.484165
