0.349564 0.388273
0.363006 0.378299
0.369077 0.393476
0.392059 0.395645
0.405068 0.412990
0.416776 0.404317
0.426316 0.415158
0.438891 0.415591
0.433688 0.363990
0.431520 0.336671
0.443661 0.344043
0.439759 0.312822
0.424582 0.299813
0.438024 0.292007
0.437590 0.261220
0.449732 0.268158
0.447564 0.238237
0.433254 0.226530
0.445396 0.213087
0.430219 0.195742
0.443228 0.183600
0.443228 0.155415
0.453635 0.164087
0.451033 0.130698
0.439325 0.120291
0.451467 0.108149
0.450644 0.079510
0.460695 0.089561
0.459977 0.061204
0.444901 0.045411
0.458900 0.032130
0.457464 0.003774
0.467873 0.012747
0.466438 -0.015968
0.451003 -0.030326
0.464284 -0.042530
0.462875 -0.072559
0.475986 -0.061236
0.473006 -0.092821
0.458704 -0.105336
0.471218 -0.117255
0.470026 -0.141093
0.421755 -0.151820
0.412220 -0.144073
0.411624 -0.162547
0.362160 -0.173870
0.353817 -0.166122
0.353221 -0.185193
0.281708 -0.201283
0.272769 -0.194132
0.270981 -0.214394
0.224497 -0.224525
0.214366 -0.217374
0.212578 -0.240020
0.165499 -0.247767
0.155368 -0.240616
0.154176 -0.260878
0.106500 -0.269817
0.097561 -0.262070
0.096369 -0.284269
0.049885 -0.292612
0.037966 -0.287248
0.037370 -0.306914
-0.010901 -0.316450
-0.019840 -0.308702
-0.021032 -0.330752
-0.068982 -0.340200
-0.078048 -0.332430
-0.078695 -0.351856
-0.125966 -0.362217
-0.148630 -0.368692
-0.160934 -0.359627
-0.160286 -0.382291
-0.212090 -0.393299
-0.226336 -0.368692
-0.240582 -0.351856
-0.236697 -0.266380
-0.234754 -0.254076
-0.243820 -0.246953
-0.243820 -0.190617
-0.239287 -0.179608
-0.248353 -0.169895
-0.250296 -0.116149
-0.246410 -0.103845
-0.256123 -0.095427
-0.256771 -0.039090
-0.253533 -0.026787
-0.262599 -0.021606
-0.263710 0.034588
-0.259770 0.048378
-0.269620 0.054945
-0.271590 0.112074
-0.267650 0.122581
-0.277500 0.130460
-0.253518 0.157322
-0.242909 0.143682
-0.232805 0.160859
-0.212093 0.163890
-0.195421 0.180561
-0.186328 0.166416
-0.171172 0.188644
-0.153490 0.186623
-0.145913 0.198748
-0.126210 0.189654
-0.122674 0.202789
-0.111560 0.211378
-0.095394 0.208852
-0.086805 0.222997
-0.070134 0.214409
-0.066093 0.225018
-0.051947 0.233606
-0.034266 0.232596
-0.029719 0.244720
-0.010016 0.237648
-0.008501 0.249772
0.004129 0.257855
0.025852 0.255329
0.028883 0.269475
0.047575 0.260381
0.050101 0.272001
0.060931 0.279937
0.080532 0.277324
0.087066 0.291044
0.107973 0.282551
0.109933 0.294964
0.138028 0.301498
0.164816 0.307378
0.168736 0.319139
0.196178 0.325673
0.224272 0.330246
0.226232 0.342007
0.253020 0.347887
0.278502 0.353114
0.285689 0.365528
0.306596 0.358341
0.306596 0.370102
0.338611 0.375328
