0.277419 0.368163
0.343764 0.344747
0.359375 0.354504
0.442196 0.318405
0.424634 0.297916
0.445123 0.290110
0.420732 0.262792
0.392437 0.260840
0.398291 0.234497
0.371949 0.197422
0.394389 0.192544
0.365119 0.164250
0.337800 0.159371
0.346581 0.133028
0.320238 0.102783
0.338776 0.094002
0.312433 0.063756
0.288041 0.061805
0.291944 0.033511
0.271455 0.005217
0.288041 -0.003564
0.263650 -0.033810
0.237307 -0.035761
0.240234 -0.063080
0.214867 -0.072837
0.218769 -0.097228
0.193402 -0.130401
0.215842 -0.139182
0.181694 -0.170403
0.159254 -0.170403
0.165886 -0.196464
0.140930 -0.231588
0.159416 -0.238058
0.136308 -0.263938
0.107655 -0.267636
0.112276 -0.298138
0.094714 -0.320321
0.019846 -0.295365
-0.003262 -0.300910
-0.100314 -0.264863
-0.125270 -0.268560
-0.191820 -0.244528
-0.214928 -0.252847
-0.281478 -0.229739
-0.304585 -0.236209
-0.373908 -0.211253
-0.395138 -0.216747
-0.467988 -0.188778
-0.458231 -0.173167
-0.466037 -0.145849
-0.435466 -0.113327
-0.438067 -0.089911
-0.436116 -0.067145
-0.385382 -0.014459
-0.387333 0.007656
-0.384731 0.035625
-0.332045 0.086359
-0.339200 0.107824
-0.336598 0.129939
-0.255944 0.217749
-0.263099 0.240514
-0.262094 0.262800
-0.201943 0.317621
-0.207272 0.340463
-0.208034 0.366351
-0.150928 0.418127
-0.158542 0.439447
-0.118949 0.453152
-0.103721 0.430310
-0.090777 0.444015
-0.042808 0.422696
-0.029864 0.434117
-0.013875 0.412036
0.000592 0.422696
0.047800 0.404422
0.058459 0.419650
0.076733 0.393001
0.091200 0.407467
0.139930 0.385387
0.153635 0.397569
0.167341 0.377773
0.178762 0.391478
0.261755 0.356453
