0,2,9,1158,1247
1,2,4,11,1159,1248
1,2,5,12,1160,1249
3,4,8,14,1161,1250
3,4,5,15,1162,1251
1,4,5,1163,1252
6,7,16,1164,1253
6,7,8,17,1165,1254
7,8,18,1166,1255
2,9,12,21,1167,1256
3,10,11,14,22,1168,1257
4,10,11,12,15,23,1169,1258
0,5,11,12,24,1170,1259
7,13,14,17,26,1171,1260
8,13,14,15,18,27,1172,1261
1,10,14,15,1173,1262
16,17,29,1174,1263
16,17,18,30,1175,1264
3,13,17,18,1176,1265
9,19,21,31,1177,1266
11,20,21,23,33,1178,1267
12,20,21,24,34,1179,1268
14,22,23,27,36,1180,1269
15,22,23,24,37,1181,1270
9,20,23,24,1182,1271
16,25,26,29,38,1183,1272
17,25,26,27,30,39,1184,1273
10,18,26,27,40,1185,1274
28,29,41,1186,1275
28,29,30,42,1187,1276
13,25,29,30,1188,1277
21,31,34,45,1189,1278
22,32,33,36,46,1190,1279
23,32,33,34,37,47,1191,1280
19,24,33,34,48,1192,1281
26,35,36,39,50,1193,1282
27,35,36,37,40,51,1194,1283
20,32,36,37,1195,1284
29,38,39,42,53,1196,1285
30,38,39,40,54,1197,1286
22,35,39,40,1198,1287
41,42,56,1199,1288
25,41,42,57,1200,1289
31,43,45,58,1201,1290
33,44,45,47,60,1202,1291
34,44,45,48,61,1203,1292
36,46,47,51,63,1204,1293
37,46,47,48,64,1205,1294
31,44,47,48,1206,1295
38,49,50,53,65,1207,1296
39,49,50,51,54,66,1208,1297
32,40,50,51,67,1209,1298
41,52,53,56,69,1210,1299
42,52,53,54,57,70,1211,1300
35,49,53,54,1212,1301
55,56,71,1213,1302
55,56,57,72,1214,1303
38,52,56,57,1215,1304
45,58,61,75,1216,1305
46,59,60,63,76,1217,1306
47,59,60,61,64,77,1218,1307
43,48,60,61,78,1219,1308
50,62,63,66,80,1220,1309
51,62,63,64,67,81,1221,1310
44,59,63,64,1222,1311
53,65,66,70,83,1223,1312
54,65,66,67,84,1224,1313
46,62,66,67,1225,1314
55,68,69,71,85,1226,1315
56,68,69,70,72,86,1227,1316
49,57,69,70,87,1228,1317
71,72,88,1229,1318
52,68,71,72,1230,1319
58,73,75,1231,1320
60,74,75,77,1232,1321
61,74,75,78,1233,1322
63,76,77,81,1234,1323
64,76,77,78,1235,1324
58,74,77,78,1236,1325
65,79,80,83,1237,1326
66,79,80,81,84,1238,1327
59,67,80,81,1239,1328
69,82,83,86,1240,1329
70,82,83,84,87,1241,1330
62,79,83,84,1242,1331
71,85,86,88,1243,1332
72,85,86,87,1244,1333
65,82,86,87,1245,1334
68,88,1246,1335
89,91,98,1158,1247,1336
90,91,93,100,1159,1248,1337
90,91,94,101,1160,1249,1338
92,93,97,103,1161,1250,1339
92,93,94,104,1162,1251,1340
90,93,94,1163,1252,1341
95,96,105,1164,1253,1342
95,96,97,106,1165,1254,1343
96,97,107,1166,1255,1344
91,98,101,110,1167,1256,1345
92,99,100,103,111,1168,1257,1346
93,99,100,101,104,112,1169,1258,1347
89,94,100,101,113,1170,1259,1348
96,102,103,106,115,1171,1260,1349
97,102,103,104,107,116,1172,1261,1350
90,99,103,104,1173,1262,1351
105,106,118,1174,1263,1352
105,106,107,119,1175,1264,1353
92,102,106,107,1176,1265,1354
98,108,110,120,1177,1266,1355
100,109,110,112,122,1178,1267,1356
101,109,110,113,123,1179,1268,1357
103,111,112,116,125,1180,1269,1358
104,111,112,113,126,1181,1270,1359
98,109,112,113,1182,1271,1360
105,114,115,118,127,1183,1272,1361
106,114,115,116,119,128,1184,1273,1362
99,107,115,116,129,1185,1274,1363
117,118,130,1186,1275,1364
117,118,119,131,1187,1276,1365
102,114,118,119,1188,1277,1366
110,120,123,134,1189,1278,1367
111,121,122,125,135,1190,1279,1368
112,121,122,123,126,136,1191,1280,1369
108,113,122,123,137,1192,1281,1370
115,124,125,128,139,1193,1282,1371
116,124,125,126,129,140,1194,1283,1372
109,121,125,126,1195,1284,1373
118,127,128,131,142,1196,1285,1374
119,127,128,129,143,1197,1286,1375
111,124,128,129,1198,1287,1376
130,131,145,1199,1288,1377
114,130,131,146,1200,1289,1378
120,132,134,147,1201,1290,1379
122,133,134,136,149,1202,1291,1380
123,133,134,137,150,1203,1292,1381
125,135,136,140,152,1204,1293,1382
126,135,136,137,153,1205,1294,1383
120,133,136,137,1206,1295,1384
127,138,139,142,154,1207,1296,1385
128,138,139,140,143,155,1208,1297,1386
121,129,139,140,156,1209,1298,1387
130,141,142,145,158,1210,1299,1388
131,141,142,143,146,159,1211,1300,1389
124,138,142,143,1212,1301,1390
144,145,160,1213,1302,1391
144,145,146,161,1214,1303,1392
127,141,145,146,1215,1304,1393
134,147,150,164,1216,1305,1394
135,148,149,152,165,1217,1306,1395
136,148,149,150,153,166,1218,1307,1396
132,137,149,150,167,1219,1308,1397
139,151,152,155,169,1220,1309,1398
140,151,152,153,156,170,1221,1310,1399
133,148,152,153,1222,1311,1400
142,154,155,159,172,1223,1312,1401
143,154,155,156,173,1224,1313,1402
135,151,155,156,1225,1314,1403
144,157,158,160,174,1226,1315,1404
145,157,158,159,161,175,1227,1316,1405
138,146,158,159,176,1228,1317,1406
160,161,177,1229,1318,1407
141,157,160,161,1230,1319,1408
147,162,164,1231,1320,1409
149,163,164,166,1232,1321,1410
150,163,164,167,1233,1322,1411
152,165,166,170,1234,1323,1412
153,165,166,167,1235,1324,1413
147,163,166,167,1236,1325,1414
154,168,169,172,1237,1326,1415
155,168,169,170,173,1238,1327,1416
148,156,169,170,1239,1328,1417
158,171,172,175,1240,1329,1418
159,171,172,173,176,1241,1330,1419
151,168,172,173,1242,1331,1420
160,174,175,177,1243,1332,1421
161,174,175,176,1244,1333,1422
154,171,175,176,1245,1334,1423
157,177,1246,1335,1424
178,180,187,1247,1336,1425
179,180,182,189,1248,1337,1426
179,180,183,190,1249,1338,1427
181,182,186,192,1250,1339,1428
181,182,183,193,1251,1340,1429
179,182,183,1252,1341,1430
184,185,194,1253,1342,1431
184,185,186,195,1254,1343,1432
185,186,196,1255,1344,1433
180,187,190,199,1256,1345,1434
181,188,189,192,200,1257,1346,1435
182,188,189,190,193,201,1258,1347,1436
178,183,189,190,202,1259,1348,1437
185,191,192,195,204,1260,1349,1438
186,191,192,193,196,205,1261,1350,1439
179,188,192,193,1262,1351,1440
194,195,207,1263,1352,1441
194,195,196,208,1264,1353,1442
181,191,195,196,1265,1354,1443
187,197,199,209,1266,1355,1444
189,198,199,201,211,1267,1356,1445
190,198,199,202,212,1268,1357,1446
192,200,201,205,214,1269,1358,1447
193,200,201,202,215,1270,1359,1448
187,198,201,202,1271,1360,1449
194,203,204,207,216,1272,1361,1450
195,203,204,205,208,217,1273,1362,1451
188,196,204,205,218,1274,1363,1452
206,207,219,1275,1364,1453
206,207,208,220,1276,1365,1454
191,203,207,208,1277,1366,1455
199,209,212,223,1278,1367,1456
200,210,211,214,224,1279,1368,1457
201,210,211,212,215,225,1280,1369,1458
197,202,211,212,226,1281,1370,1459
204,213,214,217,228,1282,1371,1460
205,213,214,215,218,229,1283,1372,1461
198,210,214,215,1284,1373,1462
207,216,217,220,231,1285,1374,1463
208,216,217,218,232,1286,1375,1464
200,213,217,218,1287,1376,1465
219,220,234,1288,1377,1466
203,219,220,235,1289,1378,1467
209,221,223,236,1290,1379,1468
211,222,223,225,238,1291,1380,1469
212,222,223,226,239,1292,1381,1470
214,224,225,229,241,1293,1382,1471
215,224,225,226,242,1294,1383,1472
209,222,225,226,1295,1384,1473
216,227,228,231,243,1296,1385,1474
217,227,228,229,232,244,1297,1386,1475
210,218,228,229,245,1298,1387,1476
219,230,231,234,247,1299,1388,1477
220,230,231,232,235,248,1300,1389,1478
213,227,231,232,1301,1390,1479
233,234,249,1302,1391,1480
233,234,235,250,1303,1392,1481
216,230,234,235,1304,1393,1482
223,236,239,253,1305,1394,1483
224,237,238,241,254,1306,1395,1484
225,237,238,239,242,255,1307,1396,1485
221,226,238,239,256,1308,1397,1486
228,240,241,244,258,1309,1398,1487
229,240,241,242,245,259,1310,1399,1488
222,237,241,242,1311,1400,1489
231,243,244,248,261,1312,1401,1490
232,243,244,245,262,1313,1402,1491
224,240,244,245,1314,1403,1492
233,246,247,249,263,1315,1404,1493
234,246,247,248,250,264,1316,1405,1494
227,235,247,248,265,1317,1406,1495
249,250,266,1318,1407,1496
230,246,249,250,1319,1408,1497
236,251,253,1320,1409,1498
238,252,253,255,1321,1410,1499
239,252,253,256,1322,1411,1500
241,254,255,259,1323,1412,1501
242,254,255,256,1324,1413,1502
236,252,255,256,1325,1414,1503
243,257,258,261,1326,1415,1504
244,257,258,259,262,1327,1416,1505
237,245,258,259,1328,1417,1506
247,260,261,264,1329,1418,1507
248,260,261,262,265,1330,1419,1508
240,257,261,262,1331,1420,1509
249,263,264,266,1332,1421,1510
250,263,264,265,1333,1422,1511
243,260,264,265,1334,1423,1512
246,266,1335,1424,1513
267,269,276,1336,1425,1514
268,269,271,278,1337,1426,1515
268,269,272,279,1338,1427,1516
270,271,275,281,1339,1428,1517
270,271,272,282,1340,1429,1518
268,271,272,1341,1430,1519
273,274,283,1342,1431,1520
273,274,275,284,1343,1432,1521
274,275,285,1344,1433,1522
269,276,279,288,1345,1434,1523
270,277,278,281,289,1346,1435,1524
271,277,278,279,282,290,1347,1436,1525
267,272,278,279,291,1348,1437,1526
274,280,281,284,293,1349,1438,1527
275,280,281,282,285,294,1350,1439,1528
268,277,281,282,1351,1440,1529
283,284,296,1352,1441,1530
283,284,285,297,1353,1442,1531
270,280,284,285,1354,1443,1532
276,286,288,298,1355,1444,1533
278,287,288,290,300,1356,1445,1534
279,287,288,291,301,1357,1446,1535
281,289,290,294,303,1358,1447,1536
282,289,290,291,304,1359,1448,1537
276,287,290,291,1360,1449,1538
283,292,293,296,305,1361,1450,1539
284,292,293,294,297,306,1362,1451,1540
277,285,293,294,307,1363,1452,1541
295,296,308,1364,1453,1542
295,296,297,309,1365,1454,1543
280,292,296,297,1366,1455,1544
288,298,301,312,1367,1456,1545
289,299,300,303,313,1368,1457,1546
290,299,300,301,304,314,1369,1458,1547
286,291,300,301,315,1370,1459,1548
293,302,303,306,317,1371,1460,1549
294,302,303,304,307,318,1372,1461,1550
287,299,303,304,1373,1462,1551
296,305,306,309,320,1374,1463,1552
297,305,306,307,321,1375,1464,1553
289,302,306,307,1376,1465,1554
308,309,323,1377,1466,1555
292,308,309,324,1378,1467,1556
298,310,312,325,1379,1468,1557
300,311,312,314,327,1380,1469,1558
301,311,312,315,328,1381,1470,1559
303,313,314,318,330,1382,1471,1560
304,313,314,315,331,1383,1472,1561
298,311,314,315,1384,1473,1562
305,316,317,320,332,1385,1474,1563
306,316,317,318,321,333,1386,1475,1564
299,307,317,318,334,1387,1476,1565
308,319,320,323,336,1388,1477,1566
309,319,320,321,324,337,1389,1478,1567
302,316,320,321,1390,1479,1568
322,323,338,1391,1480,1569
322,323,324,339,1392,1481,1570
305,319,323,324,1393,1482,1571
312,325,328,342,1394,1483,1572
313,326,327,330,343,1395,1484,1573
314,326,327,328,331,344,1396,1485,1574
310,315,327,328,345,1397,1486,1575
317,329,330,333,347,1398,1487,1576
318,329,330,331,334,348,1399,1488,1577
311,326,330,331,1400,1489,1578
320,332,333,337,350,1401,1490,1579
321,332,333,334,351,1402,1491,1580
313,329,333,334,1403,1492,1581
322,335,336,338,352,1404,1493,1582
323,335,336,337,339,353,1405,1494,1583
316,324,336,337,354,1406,1495,1584
338,339,355,1407,1496,1585
319,335,338,339,1408,1497,1586
325,340,342,1409,1498,1587
327,341,342,344,1410,1499,1588
328,341,342,345,1411,1500,1589
330,343,344,348,1412,1501,1590
331,343,344,345,1413,1502,1591
325,341,344,345,1414,1503,1592
332,346,347,350,1415,1504,1593
333,346,347,348,351,1416,1505,1594
326,334,347,348,1417,1506,1595
336,349,350,353,1418,1507,1596
337,349,350,351,354,1419,1508,1597
329,346,350,351,1420,1509,1598
338,352,353,355,1421,1510,1599
339,352,353,354,1422,1511,1600
332,349,353,354,1423,1512,1601
335,355,1424,1513,1602
356,358,365,1425,1514,1603
357,358,360,367,1426,1515,1604
357,358,361,368,1427,1516,1605
359,360,364,370,1428,1517,1606
359,360,361,371,1429,1518,1607
357,360,361,1430,1519,1608
362,363,372,1431,1520,1609
362,363,364,373,1432,1521,1610
363,364,374,1433,1522,1611
358,365,368,377,1434,1523,1612
359,366,367,370,378,1435,1524,1613
360,366,367,368,371,379,1436,1525,1614
356,361,367,368,380,1437,1526,1615
363,369,370,373,382,1438,1527,1616
364,369,370,371,374,383,1439,1528,1617
357,366,370,371,1440,1529,1618
372,373,385,1441,1530,1619
372,373,374,386,1442,1531,1620
359,369,373,374,1443,1532,1621
365,375,377,387,1444,1533,1622
367,376,377,379,389,1445,1534,1623
368,376,377,380,390,1446,1535,1624
370,378,379,383,392,1447,1536,1625
371,378,379,380,393,1448,1537,1626
365,376,379,380,1449,1538,1627
372,381,382,385,394,1450,1539,1628
373,381,382,383,386,395,1451,1540,1629
366,374,382,383,396,1452,1541,1630
384,385,397,1453,1542,1631
384,385,386,398,1454,1543,1632
369,381,385,386,1455,1544,1633
377,387,390,401,1456,1545,1634
378,388,389,392,402,1457,1546,1635
379,388,389,390,393,403,1458,1547,1636
375,380,389,390,404,1459,1548,1637
382,391,392,395,406,1460,1549,1638
383,391,392,393,396,407,1461,1550,1639
376,388,392,393,1462,1551,1640
385,394,395,398,409,1463,1552,1641
386,394,395,396,410,1464,1553,1642
378,391,395,396,1465,1554,1643
397,398,412,1466,1555,1644
381,397,398,413,1467,1556,1645
387,399,401,414,1468,1557,1646
389,400,401,403,416,1469,1558,1647
390,400,401,404,417,1470,1559,1648
392,402,403,407,419,1471,1560,1649
393,402,403,404,420,1472,1561,1650
387,400,403,404,1473,1562,1651
394,405,406,409,421,1474,1563,1652
395,405,406,407,410,422,1475,1564,1653
388,396,406,407,423,1476,1565,1654
397,408,409,412,425,1477,1566,1655
398,408,409,410,413,426,1478,1567,1656
391,405,409,410,1479,1568,1657
411,412,427,1480,1569,1658
411,412,413,428,1481,1570,1659
394,408,412,413,1482,1571,1660
401,414,417,431,1483,1572,1661
402,415,416,419,432,1484,1573,1662
403,415,416,417,420,433,1485,1574,1663
399,404,416,417,434,1486,1575,1664
406,418,419,422,436,1487,1576,1665
407,418,419,420,423,437,1488,1577,1666
400,415,419,420,1489,1578,1667
409,421,422,426,439,1490,1579,1668
410,421,422,423,440,1491,1580,1669
402,418,422,423,1492,1581,1670
411,424,425,427,441,1493,1582,1671
412,424,425,426,428,442,1494,1583,1672
405,413,425,426,443,1495,1584,1673
427,428,444,1496,1585,1674
408,424,427,428,1497,1586,1675
414,429,431,1498,1587,1676
416,430,431,433,1499,1588,1677
417,430,431,434,1500,1589,1678
419,432,433,437,1501,1590,1679
420,432,433,434,1502,1591,1680
414,430,433,434,1503,1592,1681
421,435,436,439,1504,1593,1682
422,435,436,437,440,1505,1594,1683
415,423,436,437,1506,1595,1684
425,438,439,442,1507,1596,1685
426,438,439,440,443,1508,1597,1686
418,435,439,440,1509,1598,1687
427,441,442,444,1510,1599,1688
428,441,442,443,1511,1600,1689
421,438,442,443,1512,1601,1690
424,444,1513,1602,1691
445,447,454,1514,1603,1692
446,447,449,456,1515,1604,1693
446,447,450,457,1516,1605,1694
448,449,453,459,1517,1606,1695
448,449,450,460,1518,1607,1696
446,449,450,1519,1608,1697
451,452,461,1520,1609,1698
451,452,453,462,1521,1610,1699
452,453,463,1522,1611,1700
447,454,457,466,1523,1612,1701
448,455,456,459,467,1524,1613,1702
449,455,456,457,460,468,1525,1614,1703
445,450,456,457,469,1526,1615,1704
452,458,459,462,471,1527,1616,1705
453,458,459,460,463,472,1528,1617,1706
446,455,459,460,1529,1618,1707
461,462,474,1530,1619,1708
461,462,463,475,1531,1620,1709
448,458,462,463,1532,1621,1710
454,464,466,476,1533,1622,1711
456,465,466,468,478,1534,1623,1712
457,465,466,469,479,1535,1624,1713
459,467,468,472,481,1536,1625,1714
460,467,468,469,482,1537,1626,1715
454,465,468,469,1538,1627,1716
461,470,471,474,483,1539,1628,1717
462,470,471,472,475,484,1540,1629,1718
455,463,471,472,485,1541,1630,1719
473,474,486,1542,1631,1720
473,474,475,487,1543,1632,1721
458,470,474,475,1544,1633,1722
466,476,479,490,1545,1634,1723
467,477,478,481,491,1546,1635,1724
468,477,478,479,482,492,1547,1636,1725
464,469,478,479,493,1548,1637,1726
471,480,481,484,495,1549,1638,1727
472,480,481,482,485,496,1550,1639,1728
465,477,481,482,1551,1640,1729
474,483,484,487,498,1552,1641,1730
475,483,484,485,499,1553,1642,1731
467,480,484,485,1554,1643,1732
486,487,501,1555,1644,1733
470,486,487,502,1556,1645,1734
476,488,490,503,1557,1646,1735
478,489,490,492,505,1558,1647,1736
479,489,490,493,506,1559,1648,1737
481,491,492,496,508,1560,1649,1738
482,491,492,493,509,1561,1650,1739
476,489,492,493,1562,1651,1740
483,494,495,498,510,1563,1652,1741
484,494,495,496,499,511,1564,1653,1742
477,485,495,496,512,1565,1654,1743
486,497,498,501,514,1566,1655,1744
487,497,498,499,502,515,1567,1656,1745
480,494,498,499,1568,1657,1746
500,501,516,1569,1658,1747
500,501,502,517,1570,1659,1748
483,497,501,502,1571,1660,1749
490,503,506,520,1572,1661,1750
491,504,505,508,521,1573,1662,1751
492,504,505,506,509,522,1574,1663,1752
488,493,505,506,523,1575,1664,1753
495,507,508,511,525,1576,1665,1754
496,507,508,509,512,526,1577,1666,1755
489,504,508,509,1578,1667,1756
498,510,511,515,528,1579,1668,1757
499,510,511,512,529,1580,1669,1758
491,507,511,512,1581,1670,1759
500,513,514,516,530,1582,1671,1760
501,513,514,515,517,531,1583,1672,1761
494,502,514,515,532,1584,1673,1762
516,517,533,1585,1674,1763
497,513,516,517,1586,1675,1764
503,518,520,1587,1676,1765
505,519,520,522,1588,1677,1766
506,519,520,523,1589,1678,1767
508,521,522,526,1590,1679,1768
509,521,522,523,1591,1680,1769
503,519,522,523,1592,1681,1770
510,524,525,528,1593,1682,1771
511,524,525,526,529,1594,1683,1772
504,512,525,526,1595,1684,1773
514,527,528,531,1596,1685,1774
515,527,528,529,532,1597,1686,1775
507,524,528,529,1598,1687,1776
516,530,531,533,1599,1688,1777
517,530,531,532,1600,1689,1778
510,527,531,532,1601,1690,1779
513,533,1602,1691,1780
534,536,543,1603,1692,1782
535,536,538,545,1604,1693,1783
535,536,539,546,1605,1694,1784
537,538,542,548,1606,1695,1785
537,538,539,549,1607,1696,1786
535,538,539,1608,1697,1787
540,541,550,1609,1698,1788
540,541,542,551,1610,1699,1789
541,542,552,1611,1700,1790
536,543,546,555,1612,1701,1791
537,544,545,548,556,1613,1702,1792
538,544,545,546,549,557,1614,1703,1793
534,539,545,546,558,1615,1704,1794
541,547,548,551,560,1616,1705,1795
542,547,548,549,552,561,1617,1706,1796
535,544,548,549,1618,1707,1797
550,551,563,1619,1708,1798
550,551,552,564,1620,1709,1799
537,547,551,552,1621,1710,1800
543,553,555,565,1622,1711,1801
545,554,555,557,567,1623,1712,1802
546,554,555,558,568,1624,1713,1803
548,556,557,561,570,1625,1714,1804
549,556,557,558,571,1626,1715,1805
543,554,557,558,1627,1716,1806
550,559,560,563,572,1628,1717,1807
551,559,560,561,564,573,1629,1718,1808
544,552,560,561,574,1630,1719,1809
562,563,575,1631,1720,1810
562,563,564,576,1632,1721,1811
547,559,563,564,1633,1722,1812
555,565,568,579,1634,1723,1813
556,566,567,570,580,1635,1724,1814
557,566,567,568,571,581,1636,1725,1815
553,558,567,568,582,1637,1726,1816
560,569,570,573,584,1638,1727,1817
561,569,570,571,574,585,1639,1728,1818
554,566,570,571,1640,1729,1819
563,572,573,576,587,1641,1730,1820
564,572,573,574,588,1642,1731,1821
556,569,573,574,1643,1732,1822
575,576,590,1644,1733,1823
559,575,576,591,1645,1734,1824
565,577,579,592,1646,1735,1825
567,578,579,581,594,1647,1736,1826
568,578,579,582,595,1648,1737,1827
570,580,581,585,597,1649,1738,1828
571,580,581,582,598,1650,1739,1829
565,578,581,582,1651,1740,1830
572,583,584,587,599,1652,1741,1831
573,583,584,585,588,600,1653,1742,1832
566,574,584,585,601,1654,1743,1833
575,586,587,590,603,1655,1744,1834
576,586,587,588,591,604,1656,1745,1835
569,583,587,588,1657,1746,1836
589,590,605,1658,1747,1837
589,590,591,606,1659,1748,1838
572,586,590,591,1660,1749,1839
579,592,595,609,1661,1750,1840
580,593,594,597,610,1662,1751,1841
581,593,594,595,598,611,1663,1752,1842
577,582,594,595,612,1664,1753,1843
584,596,597,600,614,1665,1754,1844
585,596,597,598,601,615,1666,1755,1845
578,593,597,598,1667,1756,1846
587,599,600,604,617,1668,1757,1847
588,599,600,601,618,1669,1758,1848
580,596,600,601,1670,1759,1849
589,602,603,605,619,1671,1760,1850
590,602,603,604,606,620,1672,1761,1851
583,591,603,604,621,1673,1762,1852

586,602,605,606,1675,1764,1854
592,607,609,1676,1765,1855
594,608,609,611,1677,1766,1856
595,608,609,612,1678,1767,1857
597,610,611,615,1679,1768,1858
598,610,611,612,1680,1769,1859
592,608,611,612,1681,1770,1860
599,613,614,617,1682,1771,1861
600,613,614,615,618,1683,1772,1862
593,601,614,615,1684,1773,1863
603,616,617,620,1685,1774,1864
604,616,617,618,621,1686,1775,1865
596,613,617,618,1687,1776,1866

606,619,620,621,1689,1778,1868
599,616,620,621,1690,1779,1869
602,622,1691,1780,1781,1870

624,626,633,1692,1782,1871
625,626,628,635,1693,1783,1872
625,626,629,636,1694,1784,1873
627,628,632,638,1695,1785,1874
627,628,629,639,1696,1786,1875
625,628,629,1697,1787,1876
630,631,640,1698,1788,1877
630,631,632,641,1699,1789,1878
631,632,642,1700,1790,1879
626,633,636,645,1701,1791,1880
627,634,635,638,646,1702,1792,1881
628,634,635,636,639,647,1703,1793,1882
624,629,635,636,648,1704,1794,1883
631,637,638,641,650,1705,1795,1884
632,637,638,639,642,651,1706,1796,1885
625,634,638,639,1707,1797,1886
640,641,653,1708,1798,1887
640,641,642,654,1709,1799,1888
627,637,641,642,1710,1800,1889
633,643,645,655,1711,1801,1890
635,644,645,647,657,1712,1802,1891
636,644,645,648,658,1713,1803,1892
638,646,647,651,660,1714,1804,1893
639,646,647,648,661,1715,1805,1894
633,644,647,648,1716,1806,1895
640,649,650,653,662,1717,1807,1896
641,649,650,651,654,663,1718,1808,1897
634,642,650,651,664,1719,1809,1898
652,653,665,1720,1810,1899
652,653,654,666,1721,1811,1900
637,649,653,654,1722,1812,1901
645,655,658,669,1723,1813,1902
646,656,657,660,670,1724,1814,1903
647,656,657,658,661,671,1725,1815,1904
643,648,657,658,672,1726,1816,1905
650,659,660,663,674,1727,1817,1906
651,659,660,661,664,675,1728,1818,1907
644,656,660,661,1729,1819,1908
653,662,663,666,677,1730,1820,1909
654,662,663,664,678,1731,1821,1910
646,659,663,664,1732,1822,1911
665,666,680,1733,1823,1912
649,665,666,681,1734,1824,1913
655,667,669,682,1735,1825,1914
657,668,669,671,684,1736,1826,1915
658,668,669,672,685,1737,1827,1916
660,670,671,675,687,1738,1828,1917
661,670,671,672,688,1739,1829,1918
655,668,671,672,1740,1830,1919
662,673,674,677,689,1741,1831,1920
663,673,674,675,678,690,1742,1832,1921
656,664,674,675,691,1743,1833,1922
665,676,677,680,693,1744,1834,1923
666,676,677,678,681,694,1745,1835,1924
659,673,677,678,1746,1836,1925
679,680,695,1747,1837,1926
679,680,681,696,1748,1838,1927
662,676,680,681,1749,1839,1928
669,682,685,699,1750,1840,1929
670,683,684,687,700,1751,1841,1930
671,683,684,685,688,701,1752,1842,1931
667,672,684,685,702,1753,1843,1932
674,686,687,690,704,1754,1844,1933
675,686,687,688,691,705,1755,1845,1934
668,683,687,688,1756,1846,1935
677,689,690,694,707,1757,1847,1936
678,689,690,691,708,1758,1848,1937
670,686,690,691,1759,1849,1938
679,692,693,695,709,1760,1850,1939
680,692,693,694,696,710,1761,1851,1940
673,681,693,694,711,1762,1852,1941
695,696,712,1763,1853,1942
676,692,695,696,1764,1854,1943
682,697,699,1765,1855,1944
684,698,699,701,1766,1856,1945
685,698,699,702,1767,1857,1946
687,700,701,705,1768,1858,1947
688,700,701,702,1769,1859,1948
682,698,701,702,1770,1860,1949
689,703,704,707,1771,1861,1950
690,703,704,705,708,1772,1862,1951
683,691,704,705,1773,1863,1952
693,706,707,710,1774,1864,1953
694,706,707,708,711,1775,1865,1954
686,703,707,708,1776,1866,1955
695,709,710,712,1777,1867,1956
696,709,710,711,1778,1868,1957
689,706,710,711,1779,1869,1958
692,712,1780,1870,1959
713,715,722,1782,1871,1960
714,715,717,724,1783,1872,1961
714,715,718,725,1784,1873,1962
716,717,721,727,1785,1874,1963
716,717,718,728,1786,1875,1964
714,717,718,1787,1876,1965
719,720,729,1788,1877,1966
719,720,721,730,1789,1878,1967
720,721,731,1790,1879,1968
715,722,725,734,1791,1880,1969
716,723,724,727,735,1792,1881,1970
717,723,724,725,728,736,1793,1882,1971
713,718,724,725,737,1794,1883,1972
720,726,727,730,739,1795,1884,1973
721,726,727,728,731,740,1796,1885,1974
714,723,727,728,1797,1886,1975
729,730,742,1798,1887,1976
729,730,731,743,1799,1888,1977
716,726,730,731,1800,1889,1978
722,732,734,744,1801,1890,1979
724,733,734,736,746,1802,1891,1980
725,733,734,737,747,1803,1892,1981
727,735,736,740,749,1804,1893,1982
728,735,736,737,750,1805,1894,1983
722,733,736,737,1806,1895,1984
729,738,739,742,751,1807,1896,1985
730,738,739,740,743,752,1808,1897,1986
723,731,739,740,753,1809,1898,1987
741,742,754,1810,1899,1988
741,742,743,755,1811,1900,1989
726,738,742,743,1812,1901,1990
734,744,747,758,1813,1902,1991
735,745,746,749,759,1814,1903,1992
736,745,746,747,750,760,1815,1904,1993
732,737,746,747,761,1816,1905,1994
739,748,749,752,763,1817,1906,1995
740,748,749,750,753,764,1818,1907,1996
733,745,749,750,1819,1908,1997
742,751,752,755,766,1820,1909,1998
743,751,752,753,767,1821,1910,1999
735,748,752,753,1822,1911,2000
754,755,769,1823,1912,2001
738,754,755,770,1824,1913,2002
744,756,758,771,1825,1914,2003
746,757,758,760,773,1826,1915,2004
747,757,758,761,774,1827,1916,2005
749,759,760,764,776,1828,1917,2006
750,759,760,761,777,1829,1918,2007
744,757,760,761,1830,1919,2008
751,762,763,766,778,1831,1920,2009
752,762,763,764,767,779,1832,1921,2010
745,753,763,764,780,1833,1922,2011
754,765,766,769,782,1834,1923,2012
755,765,766,767,770,783,1835,1924,2013
748,762,766,767,1836,1925,2014
768,769,784,1837,1926,2015
768,769,770,785,1838,1927,2016
751,765,769,770,1839,1928,2017
758,771,774,788,1840,1929,2018
759,772,773,776,789,1841,1930,2019
760,772,773,774,777,790,1842,1931,2020
756,761,773,774,791,1843,1932,2021
763,775,776,779,793,1844,1933,2022
764,775,776,777,780,794,1845,1934,2023
757,772,776,777,1846,1935,2024
766,778,779,783,796,1847,1936,2025
767,778,779,780,797,1848,1937,2026
759,775,779,780,1849,1938,2027
768,781,782,784,798,1850,1939,2028
769,781,782,783,785,799,1851,1940,2029
762,770,782,783,800,1852,1941,2030

765,781,784,785,1854,1943,2032
771,786,788,1855,1944,2033
773,787,788,790,1856,1945,2034
774,787,788,791,1857,1946,2035
776,789,790,794,1858,1947,2036
777,789,790,791,1859,1948,2037
771,787,790,791,1860,1949,2038
778,792,793,796,1861,1950,2039
779,792,793,794,797,1862,1951,2040
772,780,793,794,1863,1952,2041
782,795,796,799,1864,1953,2042
783,795,796,797,800,1865,1954,2043
775,792,796,797,1866,1955,2044

785,798,799,800,1868,1957,2046
778,795,799,800,1869,1958,2047
781,801,1781,1870,1959,2048
802,804,811,1871,1960,2049
803,804,806,813,1872,1961,2050
803,804,807,814,1873,1962,2051
805,806,810,816,1874,1963,2052
805,806,807,817,1875,1964,2053
803,806,807,1876,1965,2054
808,809,818,1877,1966,2055
808,809,810,819,1878,1967,2056
809,810,820,1879,1968,2057
804,811,814,823,1880,1969,2058
805,812,813,816,824,1881,1970,2059
806,812,813,814,817,825,1882,1971,2060
802,807,813,814,826,1883,1972,2061
809,815,816,819,828,1884,1973,2062
810,815,816,817,820,829,1885,1974,2063
803,812,816,817,1886,1975,2064
818,819,831,1887,1976,2065
818,819,820,832,1888,1977,2066
805,815,819,820,1889,1978,2067
811,821,823,833,1890,1979,2068
813,822,823,825,835,1891,1980,2069
814,822,823,826,836,1892,1981,2070
816,824,825,829,838,1893,1982,2071
817,824,825,826,839,1894,1983,2072
811,822,825,826,1895,1984,2073
818,827,828,831,840,1896,1985,2074
819,827,828,829,832,841,1897,1986,2075
812,820,828,829,842,1898,1987,2076
830,831,843,1899,1988,2077
830,831,832,844,1900,1989,2078
815,827,831,832,1901,1990,2079
823,833,836,847,1902,1991,2080
824,834,835,838,848,1903,1992,2081
825,834,835,836,839,849,1904,1993,2082
821,826,835,836,850,1905,1994,2083
828,837,838,841,852,1906,1995,2084
829,837,838,839,842,853,1907,1996,2085
822,834,838,839,1908,1997,2086
831,840,841,844,855,1909,1998,2087
832,840,841,842,856,1910,1999,2088
824,837,841,842,1911,2000,2089
843,844,858,1912,2001,2090
827,843,844,859,1913,2002,2091
833,845,847,860,1914,2003,2092
835,846,847,849,862,1915,2004,2093
836,846,847,850,863,1916,2005,2094
838,848,849,853,865,1917,2006,2095
839,848,849,850,866,1918,2007,2096
833,846,849,850,1919,2008,2097
840,851,852,855,867,1920,2009,2098
841,851,852,853,856,868,1921,2010,2099
834,842,852,853,869,1922,2011,2100
843,854,855,858,871,1923,2012,2101
844,854,855,856,859,872,1924,2013,2102
837,851,855,856,1925,2014,2103
857,858,873,1926,2015,2104
857,858,859,874,1927,2016,2105
840,854,858,859,1928,2017,2106
847,860,863,877,1929,2018,2107
848,861,862,865,878,1930,2019,2108
849,861,862,863,866,879,1931,2020,2109
845,850,862,863,880,1932,2021,2110
852,864,865,868,882,1933,2022,2111
853,864,865,866,869,883,1934,2023,2112
846,861,865,866,1935,2024,2113
855,867,868,872,885,1936,2025,2114
856,867,868,869,886,1937,2026,2115
848,864,868,869,1938,2027,2116
857,870,871,873,887,1939,2028,2117
858,870,871,872,874,888,1940,2029,2118
851,859,871,872,889,1941,2030,2119
873,874,890,1942,2031,2120
854,870,873,874,1943,2032,2121
860,875,877,1944,2033,2122
862,876,877,879,1945,2034,2123
863,876,877,880,1946,2035,2124
865,878,879,883,1947,2036,2125
866,878,879,880,1948,2037,2126
860,876,879,880,1949,2038,2127
867,881,882,885,1950,2039,2128
868,881,882,883,886,1951,2040,2129
861,869,882,883,1952,2041,2130
871,884,885,888,1953,2042,2131
872,884,885,886,889,1954,2043,2132
864,881,885,886,1955,2044,2133
873,887,888,890,1956,2045,2134
874,887,888,889,1957,2046,2135
867,884,888,889,1958,2047,2136
870,890,1959,2048,2137
891,893,900,1960,2049,2138
892,893,895,902,1961,2050,2139
892,893,896,903,1962,2051,2140
894,895,899,905,1963,2052,2141
894,895,896,906,1964,2053,2142
892,895,896,1965,2054,2143
897,898,907,1966,2055,2144
897,898,899,908,1967,2056,2145
898,899,909,1968,2057,2146
893,900,903,912,1969,2058,2147
894,901,902,905,913,1970,2059,2148
895,901,902,903,906,914,1971,2060,2149
891,896,902,903,915,1972,2061,2150
898,904,905,908,917,1973,2062,2151
899,904,905,906,909,918,1974,2063,2152
892,901,905,906,1975,2064,2153
907,908,920,1976,2065,2154
907,908,909,921,1977,2066,2155
894,904,908,909,1978,2067,2156
900,910,912,922,1979,2068,2157
902,911,912,914,924,1980,2069,2158
903,911,912,915,925,1981,2070,2159
905,913,914,918,927,1982,2071,2160
906,913,914,915,928,1983,2072,2161
900,911,914,915,1984,2073,2162
907,916,917,920,929,1985,2074,2163
908,916,917,918,921,930,1986,2075,2164
901,909,917,918,931,1987,2076,2165
919,920,932,1988,2077,2166
919,920,921,933,1989,2078,2167
904,916,920,921,1990,2079,2168
912,922,925,936,1991,2080,2169
913,923,924,927,937,1992,2081,2170
914,923,924,925,928,938,1993,2082,2171
910,915,924,925,939,1994,2083,2172
917,926,927,930,941,1995,2084,2173
918,926,927,928,931,942,1996,2085,2174
911,923,927,928,1997,2086,2175
920,929,930,933,944,1998,2087,2176
921,929,930,931,945,1999,2088,2177
913,926,930,931,2000,2089,2178
932,933,947,2001,2090,2179
916,932,933,948,2002,2091,2180
922,934,936,949,2003,2092,2181
924,935,936,938,951,2004,2093,2182
925,935,936,939,952,2005,2094,2183
927,937,938,942,954,2006,2095,2184
928,937,938,939,955,2007,2096,2185
922,935,938,939,2008,2097,2186
929,940,941,944,956,2009,2098,2187
930,940,941,942,945,957,2010,2099,2188
923,931,941,942,958,2011,2100,2189
932,943,944,947,960,2012,2101,2190
933,943,944,945,948,961,2013,2102,2191
926,940,944,945,2014,2103,2192
946,947,962,2015,2104,2193
946,947,948,963,2016,2105,2194
929,943,947,948,2017,2106,2195
936,949,952,966,2018,2107,2196
937,950,951,954,967,2019,2108,2197
938,950,951,952,955,968,2020,2109,2198
934,939,951,952,969,2021,2110,2199
941,953,954,957,971,2022,2111,2200
942,953,954,955,958,972,2023,2112,2201
935,950,954,955,2024,2113,2202
944,956,957,961,974,2025,2114,2203
945,956,957,958,975,2026,2115,2204
937,953,957,958,2027,2116,2205
946,959,960,962,976,2028,2117,2206
947,959,960,961,963,977,2029,2118,2207
940,948,960,961,978,2030,2119,2208
962,963,979,2031,2120,2209
943,959,962,963,2032,2121,2210
949,964,966,2033,2122,2211
951,965,966,968,2034,2123,2212
952,965,966,969,2035,2124,2213
954,967,968,972,2036,2125,2214
955,967,968,969,2037,2126,2215
949,965,968,969,2038,2127,2216
956,970,971,974,2039,2128,2217
957,970,971,972,975,2040,2129,2218
950,958,971,972,2041,2130,2219
960,973,974,977,2042,2131,2220
961,973,974,975,978,2043,2132,2221
953,970,974,975,2044,2133,2222
962,976,977,979,2045,2134,2223
963,976,977,978,2046,2135,2224
956,973,977,978,2047,2136,2225
959,979,2048,2137,2226
980,982,989,2049,2138,2227
981,982,984,991,2050,2139,2228
981,982,985,992,2051,2140,2229
983,984,988,994,2052,2141,2230
983,984,985,995,2053,2142,2231
981,984,985,2054,2143,2232
986,987,996,2055,2144,2233
986,987,988,997,2056,2145,2234
987,988,998,2057,2146,2235
982,989,992,1001,2058,2147,2236
983,990,991,994,1002,2059,2148,2237
984,990,991,992,995,1003,2060,2149,2238
980,985,991,992,1004,2061,2150,2239
987,993,994,997,1006,2062,2151,2240
988,993,994,995,998,1007,2063,2152,2241
981,990,994,995,2064,2153,2242
996,997,1009,2065,2154,2243
996,997,998,1010,2066,2155,2244
983,993,997,998,2067,2156,2245
989,999,1001,1011,2068,2157,2246
991,1000,1001,1003,1013,2069,2158,2247
992,1000,1001,1004,1014,2070,2159,2248
994,1002,1003,1007,1016,2071,2160,2249
995,1002,1003,1004,1017,2072,2161,2250
989,1000,1003,1004,2073,2162,2251
996,1005,1006,1009,1018,2074,2163,2252
997,1005,1006,1007,1010,1019,2075,2164,2253
990,998,1006,1007,1020,2076,2165,2254
1008,1009,1021,2077,2166,2255
1008,1009,1010,1022,2078,2167,2256
993,1005,1009,1010,2079,2168,2257
1001,1011,1014,1025,2080,2169,2258
1002,1012,1013,1016,1026,2081,2170,2259
1003,1012,1013,1014,1017,1027,2082,2171,2260
999,1004,1013,1014,1028,2083,2172,2261
1006,1015,1016,1019,1030,2084,2173,2262
1007,1015,1016,1017,1020,1031,2085,2174,2263
1000,1012,1016,1017,2086,2175,2264
1009,1018,1019,1022,1033,2087,2176,2265
1010,1018,1019,1020,1034,2088,2177,2266
1002,1015,1019,1020,2089,2178,2267
1021,1022,1036,2090,2179,2268
1005,1021,1022,1037,2091,2180,2269
1011,1023,1025,1038,2092,2181,2270
1013,1024,1025,1027,1040,2093,2182,2271
1014,1024,1025,1028,1041,2094,2183,2272
1016,1026,1027,1031,1043,2095,2184,2273
1017,1026,1027,1028,1044,2096,2185,2274
1011,1024,1027,1028,2097,2186,2275
1018,1029,1030,1033,1045,2098,2187,2276
1019,1029,1030,1031,1034,1046,2099,2188,2277
1012,1020,1030,1031,1047,2100,2189,2278
1021,1032,1033,1036,1049,2101,2190,2279
1022,1032,1033,1034,1037,1050,2102,2191,2280
1015,1029,1033,1034,2103,2192,2281
1035,1036,1051,2104,2193,2282
1035,1036,1037,1052,2105,2194,2283
1018,1032,1036,1037,2106,2195,2284
1025,1038,1041,1055,2107,2196,2285
1026,1039,1040,1043,1056,2108,2197,2286
1027,1039,1040,1041,1044,1057,2109,2198,2287
1023,1028,1040,1041,1058,2110,2199,2288
1030,1042,1043,1046,1060,2111,2200,2289
1031,1042,1043,1044,1047,1061,2112,2201,2290
1024,1039,1043,1044,2113,2202,2291
1033,1045,1046,1050,1063,2114,2203,2292
1034,1045,1046,1047,1064,2115,2204,2293
1026,1042,1046,1047,2116,2205,2294
1035,1048,1049,1051,1065,2117,2206,2295
1036,1048,1049,1050,1052,1066,2118,2207,2296
1029,1037,1049,1050,1067,2119,2208,2297
1051,1052,1068,2120,2209,2298
1032,1048,1051,1052,2121,2210,2299
1038,1053,1055,2122,2211,2300
1040,1054,1055,1057,2123,2212,2301
1041,1054,1055,1058,2124,2213,2302
1043,1056,1057,1061,2125,2214,2303
1044,1056,1057,1058,2126,2215,2304
1038,1054,1057,1058,2127,2216,2305
1045,1059,1060,1063,2128,2217,2306
1046,1059,1060,1061,1064,2129,2218,2307
1039,1047,1060,1061,2130,2219,2308
1049,1062,1063,1066,2131,2220,2309
1050,1062,1063,1064,1067,2132,2221,2310
1042,1059,1063,1064,2133,2222,2311
1051,1065,1066,1068,2134,2223,2312
1052,1065,1066,1067,2135,2224,2313
1045,1062,1066,1067,2136,2225,2314
1048,1068,2137,2226,2315
1069,1071,1078,2138,2227
1070,1071,1073,1080,2139,2228
1070,1071,1074,1081,2140,2229
1072,1073,1077,1083,2141,2230
1072,1073,1074,1084,2142,2231
1070,1073,1074,2143,2232
1075,1076,1085,2144,2233
1075,1076,1077,1086,2145,2234
1076,1077,1087,2146,2235
1071,1078,1081,1090,2147,2236
1072,1079,1080,1083,1091,2148,2237
1073,1079,1080,1081,1084,1092,2149,2238
1069,1074,1080,1081,1093,2150,2239
1076,1082,1083,1086,1095,2151,2240
1077,1082,1083,1084,1087,1096,2152,2241
1070,1079,1083,1084,2153,2242
1085,1086,1098,2154,2243
1085,1086,1087,1099,2155,2244
1072,1082,1086,1087,2156,2245
1078,1088,1090,1100,2157,2246
1080,1089,1090,1092,1102,2158,2247
1081,1089,1090,1093,1103,2159,2248
1083,1091,1092,1096,1105,2160,2249
1084,1091,1092,1093,1106,2161,2250
1078,1089,1092,1093,2162,2251
1085,1094,1095,1098,1107,2163,2252
1086,1094,1095,1096,1099,1108,2164,2253
1079,1087,1095,1096,1109,2165,2254
1097,1098,1110,2166,2255
1097,1098,1099,1111,2167,2256
1082,1094,1098,1099,2168,2257
1090,1100,1103,1114,2169,2258
1091,1101,1102,1105,1115,2170,2259
1092,1101,1102,1103,1106,1116,2171,2260
1088,1093,1102,1103,1117,2172,2261
1095,1104,1105,1108,1119,2173,2262
1096,1104,1105,1106,1109,1120,2174,2263
1089,1101,1105,1106,2175,2264
1098,1107,1108,1111,1122,2176,2265
1099,1107,1108,1109,1123,2177,2266
1091,1104,1108,1109,2178,2267
1110,1111,1125,2179,2268
1094,1110,1111,1126,2180,2269
1100,1112,1114,1127,2181,2270
1102,1113,1114,1116,1129,2182,2271
1103,1113,1114,1117,1130,2183,2272
1105,1115,1116,1120,1132,2184,2273
1106,1115,1116,1117,1133,2185,2274
1100,1113,1116,1117,2186,2275
1107,1118,1119,1122,1134,2187,2276
1108,1118,1119,1120,1123,1135,2188,2277
1101,1109,1119,1120,1136,2189,2278
1110,1121,1122,1125,1138,2190,2279
1111,1121,1122,1123,1126,1139,2191,2280
1104,1118,1122,1123,2192,2281
1124,1125,1140,2193,2282
1124,1125,1126,1141,2194,2283
1107,1121,1125,1126,2195,2284
1114,1127,1130,1144,2196,2285
1115,1128,1129,1132,1145,2197,2286
1116,1128,1129,1130,1133,1146,2198,2287
1112,1117,1129,1130,1147,2199,2288
1119,1131,1132,1135,1149,2200,2289
1120,1131,1132,1133,1136,1150,2201,2290
1113,1128,1132,1133,2202,2291
1122,1134,1135,1139,1152,2203,2292
1123,1134,1135,1136,1153,2204,2293
1115,1131,1135,1136,2205,2294
1124,1137,1138,1140,1154,2206,2295
1125,1137,1138,1139,1141,1155,2207,2296
1118,1126,1138,1139,1156,2208,2297
1140,1141,1157,2209,2298
1121,1137,1140,1141,2210,2299
1127,1142,1144,2211,2300
1129,1143,1144,1146,2212,2301
1130,1143,1144,1147,2213,2302
1132,1145,1146,1150,2214,2303
1133,1145,1146,1147,2215,2304
1127,1143,1146,1147,2216,2305
1134,1148,1149,1152,2217,2306
1135,1148,1149,1150,1153,2218,2307
1128,1136,1149,1150,2219,2308
1138,1151,1152,1155,2220,2309
1139,1151,1152,1153,1156,2221,2310
1131,1148,1152,1153,2222,2311
1140,1154,1155,1157,2223,2312
1141,1154,1155,1156,2224,2313
1134,1151,1155,1156,2225,2314
1137,1157,2226,2315
606,619,620,1674,1688,1763,1777,1853,1867
605,619,620,622,784,785,801,1688,1777,1853,1867,1942,2031
785,798,799,1853,1867,1942,1956,2031,2045
