0,89,1158,1170
1,90,1159,1160,1163,1173
2,91,1158,1159,1160,1167
3,92,1161,1162,1168,1176
4,93,1159,1161,1162,1163,1169
5,94,1160,1162,1163,1170
6,95,1164,1165
7,96,1164,1165,1166,1171
8,97,1161,1165,1166,1172
9,98,1158,1167,1177,1182
10,99,1168,1169,1173,1185
11,100,1159,1168,1169,1170,1178
12,101,1160,1167,1169,1170,1179
13,102,1171,1172,1176,1188
14,103,1161,1168,1171,1172,1173,1180
15,104,1162,1169,1172,1173,1181
16,105,1164,1174,1175,1183
17,106,1165,1171,1174,1175,1176,1184
18,107,1166,1172,1175,1176,1185
19,108,1177,1192
20,109,1178,1179,1182,1195
21,110,1167,1177,1178,1179,1189
22,111,1168,1180,1181,1190,1198
23,112,1169,1178,1180,1181,1182,1191
24,113,1170,1179,1181,1182,1192
25,114,1183,1184,1188,1200
26,115,1171,1183,1184,1185,1193
27,116,1172,1180,1184,1185,1194
28,117,1186,1187
29,118,1174,1183,1186,1187,1188,1196
30,119,1175,1184,1187,1188,1197
31,120,1177,1189,1201,1206
32,121,1190,1191,1195,1209
33,122,1178,1190,1191,1192,1202
34,123,1179,1189,1191,1192,1203
35,124,1193,1194,1198,1212
36,125,1180,1190,1193,1194,1195,1204
37,126,1181,1191,1194,1195,1205
38,127,1183,1196,1197,1207,1215
39,128,1184,1193,1196,1197,1198,1208
40,129,1185,1194,1197,1198,1209
41,130,1186,1199,1200,1210
42,131,1187,1196,1199,1200,1211
43,132,1201,1219
44,133,1202,1203,1206,1222
45,134,1189,1201,1202,1203,1216
46,135,1190,1204,1205,1217,1225
47,136,1191,1202,1204,1205,1206,1218
48,137,1192,1203,1205,1206,1219
49,138,1207,1208,1212,1228
50,139,1193,1207,1208,1209,1220
51,140,1194,1204,1208,1209,1221
52,141,1210,1211,1215,1230
53,142,1196,1207,1210,1211,1212,1223
54,143,1197,1208,1211,1212,1224
55,144,1213,1214,1226
56,145,1199,1210,1213,1214,1215,1227
57,146,1200,1211,1214,1215,1228
58,147,1201,1216,1231,1236
59,148,1217,1218,1222,1239
60,149,1202,1217,1218,1219,1232
61,150,1203,1216,1218,1219,1233
62,151,1220,1221,1225,1242
63,152,1204,1217,1220,1221,1222,1234
64,153,1205,1218,1221,1222,1235
65,154,1207,1223,1224,1237,1245
66,155,1208,1220,1223,1224,1225,1238
67,156,1209,1221,1224,1225,1239
68,157,1226,1227,1230,1246
69,158,1210,1226,1227,1228,1240
70,159,1211,1223,1227,1228,1241
71,160,1213,1226,1229,1230,1243
72,161,1214,1227,1229,1230,1244
73,162,1231
74,163,1232,1233,1236
75,164,1216,1231,1232,1233
76,165,1217,1234,1235
77,166,1218,1232,1234,1235,1236
78,167,1219,1233,1235,1236
79,168,1237,1238,1242
80,169,1220,1237,1238,1239
81,170,1221,1234,1238,1239
82,171,1240,1241,1245
83,172,1223,1237,1240,1241,1242
84,173,1224,1238,1241,1242
85,174,1226,1243,1244
86,175,1227,1240,1243,1244,1245
87,176,1228,1241,1244,1245
88,177,1229,1243,1246
0,89,178,1247,1259
1,90,179,1248,1249,1252,1262
2,91,180,1247,1248,1249,1256
3,92,181,1250,1251,1257,1265
4,93,182,1248,1250,1251,1252,1258
5,94,183,1249,1251,1252,1259
6,95,184,1253,1254
7,96,185,1253,1254,1255,1260
8,97,186,1250,1254,1255,1261
9,98,187,1247,1256,1266,1271
10,99,188,1257,1258,1262,1274
11,100,189,1248,1257,1258,1259,1267
12,101,190,1249,1256,1258,1259,1268
13,102,191,1260,1261,1265,1277
14,103,192,1250,1257,1260,1261,1262,1269
15,104,193,1251,1258,1261,1262,1270
16,105,194,1253,1263,1264,1272
17,106,195,1254,1260,1263,1264,1265,1273
18,107,196,1255,1261,1264,1265,1274
19,108,197,1266,1281
20,109,198,1267,1268,1271,1284
21,110,199,1256,1266,1267,1268,1278
22,111,200,1257,1269,1270,1279,1287
23,112,201,1258,1267,1269,1270,1271,1280
24,113,202,1259,1268,1270,1271,1281
25,114,203,1272,1273,1277,1289
26,115,204,1260,1272,1273,1274,1282
27,116,205,1261,1269,1273,1274,1283
28,117,206,1275,1276
29,118,207,1263,1272,1275,1276,1277,1285
30,119,208,1264,1273,1276,1277,1286
31,120,209,1266,1278,1290,1295
32,121,210,1279,1280,1284,1298
33,122,211,1267,1279,1280,1281,1291
34,123,212,1268,1278,1280,1281,1292
35,124,213,1282,1283,1287,1301
36,125,214,1269,1279,1282,1283,1284,1293
37,126,215,1270,1280,1283,1284,1294
38,127,216,1272,1285,1286,1296,1304
39,128,217,1273,1282,1285,1286,1287,1297
40,129,218,1274,1283,1286,1287,1298
41,130,219,1275,1288,1289,1299
42,131,220,1276,1285,1288,1289,1300
43,132,221,1290,1308
44,133,222,1291,1292,1295,1311
45,134,223,1278,1290,1291,1292,1305
46,135,224,1279,1293,1294,1306,1314
47,136,225,1280,1291,1293,1294,1295,1307
48,137,226,1281,1292,1294,1295,1308
49,138,227,1296,1297,1301,1317
50,139,228,1282,1296,1297,1298,1309
51,140,229,1283,1293,1297,1298,1310
52,141,230,1299,1300,1304,1319
53,142,231,1285,1296,1299,1300,1301,1312
54,143,232,1286,1297,1300,1301,1313
55,144,233,1302,1303,1315
56,145,234,1288,1299,1302,1303,1304,1316
57,146,235,1289,1300,1303,1304,1317
58,147,236,1290,1305,1320,1325
59,148,237,1306,1307,1311,1328
60,149,238,1291,1306,1307,1308,1321
61,150,239,1292,1305,1307,1308,1322
62,151,240,1309,1310,1314,1331
63,152,241,1293,1306,1309,1310,1311,1323
64,153,242,1294,1307,1310,1311,1324
65,154,243,1296,1312,1313,1326,1334
66,155,244,1297,1309,1312,1313,1314,1327
67,156,245,1298,1310,1313,1314,1328
68,157,246,1315,1316,1319,1335
69,158,247,1299,1315,1316,1317,1329
70,159,248,1300,1312,1316,1317,1330
71,160,249,1302,1315,1318,1319,1332
72,161,250,1303,1316,1318,1319,1333
73,162,251,1320
74,163,252,1321,1322,1325
75,164,253,1305,1320,1321,1322
76,165,254,1306,1323,1324
77,166,255,1307,1321,1323,1324,1325
78,167,256,1308,1322,1324,1325
79,168,257,1326,1327,1331
80,169,258,1309,1326,1327,1328
81,170,259,1310,1323,1327,1328
82,171,260,1329,1330,1334
83,172,261,1312,1326,1329,1330,1331
84,173,262,1313,1327,1330,1331
85,174,263,1315,1332,1333
86,175,264,1316,1329,1332,1333,1334
87,176,265,1317,1330,1333,1334
88,177,266,1318,1332,1335
89,178,267,1336,1348
90,179,268,1337,1338,1341,1351
91,180,269,1336,1337,1338,1345
92,181,270,1339,1340,1346,1354
93,182,271,1337,1339,1340,1341,1347
94,183,272,1338,1340,1341,1348
95,184,273,1342,1343
96,185,274,1342,1343,1344,1349
97,186,275,1339,1343,1344,1350
98,187,276,1336,1345,1355,1360
99,188,277,1346,1347,1351,1363
100,189,278,1337,1346,1347,1348,1356
101,190,279,1338,1345,1347,1348,1357
102,191,280,1349,1350,1354,1366
103,192,281,1339,1346,1349,1350,1351,1358
104,193,282,1340,1347,1350,1351,1359
105,194,283,1342,1352,1353,1361
106,195,284,1343,1349,1352,1353,1354,1362
107,196,285,1344,1350,1353,1354,1363
108,197,286,1355,1370
109,198,287,1356,1357,1360,1373
110,199,288,1345,1355,1356,1357,1367
111,200,289,1346,1358,1359,1368,1376
112,201,290,1347,1356,1358,1359,1360,1369
113,202,291,1348,1357,1359,1360,1370
114,203,292,1361,1362,1366,1378
115,204,293,1349,1361,1362,1363,1371
116,205,294,1350,1358,1362,1363,1372
117,206,295,1364,1365
118,207,296,1352,1361,1364,1365,1366,1374
119,208,297,1353,1362,1365,1366,1375
120,209,298,1355,1367,1379,1384
121,210,299,1368,1369,1373,1387
122,211,300,1356,1368,1369,1370,1380
123,212,301,1357,1367,1369,1370,1381
124,213,302,1371,1372,1376,1390
125,214,303,1358,1368,1371,1372,1373,1382
126,215,304,1359,1369,1372,1373,1383
127,216,305,1361,1374,1375,1385,1393
128,217,306,1362,1371,1374,1375,1376,1386
129,218,307,1363,1372,1375,1376,1387
130,219,308,1364,1377,1378,1388
131,220,309,1365,1374,1377,1378,1389
132,221,310,1379,1397
133,222,311,1380,1381,1384,1400
134,223,312,1367,1379,1380,1381,1394
135,224,313,1368,1382,1383,1395,1403
136,225,314,1369,1380,1382,1383,1384,1396
137,226,315,1370,1381,1383,1384,1397
138,227,316,1385,1386,1390,1406
139,228,317,1371,1385,1386,1387,1398
140,229,318,1372,1382,1386,1387,1399
141,230,319,1388,1389,1393,1408
142,231,320,1374,1385,1388,1389,1390,1401
143,232,321,1375,1386,1389,1390,1402
144,233,322,1391,1392,1404
145,234,323,1377,1388,1391,1392,1393,1405
146,235,324,1378,1389,1392,1393,1406
147,236,325,1379,1394,1409,1414
148,237,326,1395,1396,1400,1417
149,238,327,1380,1395,1396,1397,1410
150,239,328,1381,1394,1396,1397,1411
151,240,329,1398,1399,1403,1420
152,241,330,1382,1395,1398,1399,1400,1412
153,242,331,1383,1396,1399,1400,1413
154,243,332,1385,1401,1402,1415,1423
155,244,333,1386,1398,1401,1402,1403,1416
156,245,334,1387,1399,1402,1403,1417
157,246,335,1404,1405,1408,1424
158,247,336,1388,1404,1405,1406,1418
159,248,337,1389,1401,1405,1406,1419
160,249,338,1391,1404,1407,1408,1421
161,250,339,1392,1405,1407,1408,1422
162,251,340,1409
163,252,341,1410,1411,1414
164,253,342,1394,1409,1410,1411
165,254,343,1395,1412,1413
166,255,344,1396,1410,1412,1413,1414
167,256,345,1397,1411,1413,1414
168,257,346,1415,1416,1420
169,258,347,1398,1415,1416,1417
170,259,348,1399,1412,1416,1417
171,260,349,1418,1419,1423
172,261,350,1401,1415,1418,1419,1420
173,262,351,1402,1416,1419,1420
174,263,352,1404,1421,1422
175,264,353,1405,1418,1421,1422,1423
176,265,354,1406,1419,1422,1423
177,266,355,1407,1421,1424
178,267,356,1425,1437
179,268,357,1426,1427,1430,1440
180,269,358,1425,1426,1427,1434
181,270,359,1428,1429,1435,1443
182,271,360,1426,1428,1429,1430,1436
183,272,361,1427,1429,1430,1437
184,273,362,1431,1432
185,274,363,1431,1432,1433,1438
186,275,364,1428,1432,1433,1439
187,276,365,1425,1434,1444,1449
188,277,366,1435,1436,1440,1452
189,278,367,1426,1435,1436,1437,1445
190,279,368,1427,1434,1436,1437,1446
191,280,369,1438,1439,1443,1455
192,281,370,1428,1435,1438,1439,1440,1447
193,282,371,1429,1436,1439,1440,1448
194,283,372,1431,1441,1442,1450
195,284,373,1432,1438,1441,1442,1443,1451
196,285,374,1433,1439,1442,1443,1452
197,286,375,1444,1459
198,287,376,1445,1446,1449,1462
199,288,377,1434,1444,1445,1446,1456
200,289,378,1435,1447,1448,1457,1465
201,290,379,1436,1445,1447,1448,1449,1458
202,291,380,1437,1446,1448,1449,1459
203,292,381,1450,1451,1455,1467
204,293,382,1438,1450,1451,1452,1460
205,294,383,1439,1447,1451,1452,1461
206,295,384,1453,1454
207,296,385,1441,1450,1453,1454,1455,1463
208,297,386,1442,1451,1454,1455,1464
209,298,387,1444,1456,1468,1473
210,299,388,1457,1458,1462,1476
211,300,389,1445,1457,1458,1459,1469
212,301,390,1446,1456,1458,1459,1470
213,302,391,1460,1461,1465,1479
214,303,392,1447,1457,1460,1461,1462,1471
215,304,393,1448,1458,1461,1462,1472
216,305,394,1450,1463,1464,1474,1482
217,306,395,1451,1460,1463,1464,1465,1475
218,307,396,1452,1461,1464,1465,1476
219,308,397,1453,1466,1467,1477
220,309,398,1454,1463,1466,1467,1478
221,310,399,1468,1486
222,311,400,1469,1470,1473,1489
223,312,401,1456,1468,1469,1470,1483
224,313,402,1457,1471,1472,1484,1492
225,314,403,1458,1469,1471,1472,1473,1485
226,315,404,1459,1470,1472,1473,1486
227,316,405,1474,1475,1479,1495
228,317,406,1460,1474,1475,1476,1487
229,318,407,1461,1471,1475,1476,1488
230,319,408,1477,1478,1482,1497
231,320,409,1463,1474,1477,1478,1479,1490
232,321,410,1464,1475,1478,1479,1491
233,322,411,1480,1481,1493
234,323,412,1466,1477,1480,1481,1482,1494
235,324,413,1467,1478,1481,1482,1495
236,325,414,1468,1483,1498,1503
237,326,415,1484,1485,1489,1506
238,327,416,1469,1484,1485,1486,1499
239,328,417,1470,1483,1485,1486,1500
240,329,418,1487,1488,1492,1509
241,330,419,1471,1484,1487,1488,1489,1501
242,331,420,1472,1485,1488,1489,1502
243,332,421,1474,1490,1491,1504,1512
244,333,422,1475,1487,1490,1491,1492,1505
245,334,423,1476,1488,1491,1492,1506
246,335,424,1493,1494,1497,1513
247,336,425,1477,1493,1494,1495,1507
248,337,426,1478,1490,1494,1495,1508
249,338,427,1480,1493,1496,1497,1510
250,339,428,1481,1494,1496,1497,1511
251,340,429,1498
252,341,430,1499,1500,1503
253,342,431,1483,1498,1499,1500
254,343,432,1484,1501,1502
255,344,433,1485,1499,1501,1502,1503
256,345,434,1486,1500,1502,1503
257,346,435,1504,1505,1509
258,347,436,1487,1504,1505,1506
259,348,437,1488,1501,1505,1506
260,349,438,1507,1508,1512
261,350,439,1490,1504,1507,1508,1509
262,351,440,1491,1505,1508,1509
263,352,441,1493,1510,1511
264,353,442,1494,1507,1510,1511,1512
265,354,443,1495,1508,1511,1512
266,355,444,1496,1510,1513
267,356,445,1514,1526
268,357,446,1515,1516,1519,1529
269,358,447,1514,1515,1516,1523
270,359,448,1517,1518,1524,1532
271,360,449,1515,1517,1518,1519,1525
272,361,450,1516,1518,1519,1526
273,362,451,1520,1521
274,363,452,1520,1521,1522,1527
275,364,453,1517,1521,1522,1528
276,365,454,1514,1523,1533,1538
277,366,455,1524,1525,1529,1541
278,367,456,1515,1524,1525,1526,1534
279,368,457,1516,1523,1525,1526,1535
280,369,458,1527,1528,1532,1544
281,370,459,1517,1524,1527,1528,1529,1536
282,371,460,1518,1525,1528,1529,1537
283,372,461,1520,1530,1531,1539
284,373,462,1521,1527,1530,1531,1532,1540
285,374,463,1522,1528,1531,1532,1541
286,375,464,1533,1548
287,376,465,1534,1535,1538,1551
288,377,466,1523,1533,1534,1535,1545
289,378,467,1524,1536,1537,1546,1554
290,379,468,1525,1534,1536,1537,1538,1547
291,380,469,1526,1535,1537,1538,1548
292,381,470,1539,1540,1544,1556
293,382,471,1527,1539,1540,1541,1549
294,383,472,1528,1536,1540,1541,1550
295,384,473,1542,1543
296,385,474,1530,1539,1542,1543,1544,1552
297,386,475,1531,1540,1543,1544,1553
298,387,476,1533,1545,1557,1562
299,388,477,1546,1547,1551,1565
300,389,478,1534,1546,1547,1548,1558
301,390,479,1535,1545,1547,1548,1559
302,391,480,1549,1550,1554,1568
303,392,481,1536,1546,1549,1550,1551,1560
304,393,482,1537,1547,1550,1551,1561
305,394,483,1539,1552,1553,1563,1571
306,395,484,1540,1549,1552,1553,1554,1564
307,396,485,1541,1550,1553,1554,1565
308,397,486,1542,1555,1556,1566
309,398,487,1543,1552,1555,1556,1567
310,399,488,1557,1575
311,400,489,1558,1559,1562,1578
312,401,490,1545,1557,1558,1559,1572
313,402,491,1546,1560,1561,1573,1581
314,403,492,1547,1558,1560,1561,1562,1574
315,404,493,1548,1559,1561,1562,1575
316,405,494,1563,1564,1568,1584
317,406,495,1549,1563,1564,1565,1576
318,407,496,1550,1560,1564,1565,1577
319,408,497,1566,1567,1571,1586
320,409,498,1552,1563,1566,1567,1568,1579
321,410,499,1553,1564,1567,1568,1580
322,411,500,1569,1570,1582
323,412,501,1555,1566,1569,1570,1571,1583
324,413,502,1556,1567,1570,1571,1584
325,414,503,1557,1572,1587,1592
326,415,504,1573,1574,1578,1595
327,416,505,1558,1573,1574,1575,1588
328,417,506,1559,1572,1574,1575,1589
329,418,507,1576,1577,1581,1598
330,419,508,1560,1573,1576,1577,1578,1590
331,420,509,1561,1574,1577,1578,1591
332,421,510,1563,1579,1580,1593,1601
333,422,511,1564,1576,1579,1580,1581,1594
334,423,512,1565,1577,1580,1581,1595
335,424,513,1582,1583,1586,1602
336,425,514,1566,1582,1583,1584,1596
337,426,515,1567,1579,1583,1584,1597
338,427,516,1569,1582,1585,1586,1599
339,428,517,1570,1583,1585,1586,1600
340,429,518,1587
341,430,519,1588,1589,1592
342,431,520,1572,1587,1588,1589
343,432,521,1573,1590,1591
344,433,522,1574,1588,1590,1591,1592
345,434,523,1575,1589,1591,1592
346,435,524,1593,1594,1598
347,436,525,1576,1593,1594,1595
348,437,526,1577,1590,1594,1595
349,438,527,1596,1597,1601
350,439,528,1579,1593,1596,1597,1598
351,440,529,1580,1594,1597,1598
352,441,530,1582,1599,1600
353,442,531,1583,1596,1599,1600,1601
354,443,532,1584,1597,1600,1601
355,444,533,1585,1599,1602
356,445,534,1603,1615
357,446,535,1604,1605,1608,1618
358,447,536,1603,1604,1605,1612
359,448,537,1606,1607,1613,1621
360,449,538,1604,1606,1607,1608,1614
361,450,539,1605,1607,1608,1615
362,451,540,1609,1610
363,452,541,1609,1610,1611,1616
364,453,542,1606,1610,1611,1617
365,454,543,1603,1612,1622,1627
366,455,544,1613,1614,1618,1630
367,456,545,1604,1613,1614,1615,1623
368,457,546,1605,1612,1614,1615,1624
369,458,547,1616,1617,1621,1633
370,459,548,1606,1613,1616,1617,1618,1625
371,460,549,1607,1614,1617,1618,1626
372,461,550,1609,1619,1620,1628
373,462,551,1610,1616,1619,1620,1621,1629
374,463,552,1611,1617,1620,1621,1630
375,464,553,1622,1637
376,465,554,1623,1624,1627,1640
377,466,555,1612,1622,1623,1624,1634
378,467,556,1613,1625,1626,1635,1643
379,468,557,1614,1623,1625,1626,1627,1636
380,469,558,1615,1624,1626,1627,1637
381,470,559,1628,1629,1633,1645
382,471,560,1616,1628,1629,1630,1638
383,472,561,1617,1625,1629,1630,1639
384,473,562,1631,1632
385,474,563,1619,1628,1631,1632,1633,1641
386,475,564,1620,1629,1632,1633,1642
387,476,565,1622,1634,1646,1651
388,477,566,1635,1636,1640,1654
389,478,567,1623,1635,1636,1637,1647
390,479,568,1624,1634,1636,1637,1648
391,480,569,1638,1639,1643,1657
392,481,570,1625,1635,1638,1639,1640,1649
393,482,571,1626,1636,1639,1640,1650
394,483,572,1628,1641,1642,1652,1660
395,484,573,1629,1638,1641,1642,1643,1653
396,485,574,1630,1639,1642,1643,1654
397,486,575,1631,1644,1645,1655
398,487,576,1632,1641,1644,1645,1656
399,488,577,1646,1664
400,489,578,1647,1648,1651,1667
401,490,579,1634,1646,1647,1648,1661
402,491,580,1635,1649,1650,1662,1670
403,492,581,1636,1647,1649,1650,1651,1663
404,493,582,1637,1648,1650,1651,1664
405,494,583,1652,1653,1657,1673
406,495,584,1638,1652,1653,1654,1665
407,496,585,1639,1649,1653,1654,1666
408,497,586,1655,1656,1660,1675
409,498,587,1641,1652,1655,1656,1657,1668
410,499,588,1642,1653,1656,1657,1669
411,500,589,1658,1659,1671
412,501,590,1644,1655,1658,1659,1660,1672
413,502,591,1645,1656,1659,1660,1673
414,503,592,1646,1661,1676,1681
415,504,593,1662,1663,1667,1684
416,505,594,1647,1662,1663,1664,1677
417,506,595,1648,1661,1663,1664,1678
418,507,596,1665,1666,1670,1687
419,508,597,1649,1662,1665,1666,1667,1679
420,509,598,1650,1663,1666,1667,1680
421,510,599,1652,1668,1669,1682,1690
422,511,600,1653,1665,1668,1669,1670,1683
423,512,601,1654,1666,1669,1670,1684
424,513,602,1671,1672,1675,1691
425,514,603,1655,1671,1672,1673,1685
426,515,604,1656,1668,1672,1673,1686
427,516,605,1658,1671,1674,1675,1688
428,517,606,1659,1672,1674,1675,1689
429,518,607,1676
430,519,608,1677,1678,1681
431,520,609,1661,1676,1677,1678
432,521,610,1662,1679,1680
433,522,611,1663,1677,1679,1680,1681
434,523,612,1664,1678,1680,1681
435,524,613,1682,1683,1687
436,525,614,1665,1682,1683,1684
437,526,615,1666,1679,1683,1684
438,527,616,1685,1686,1690
439,528,617,1668,1682,1685,1686,1687
440,529,618,1669,1683,1686,1687
441,530,619,1671,1688,1689
442,531,620,1672,1685,1688,1689,1690
443,532,621,1673,1686,1689,1690
444,533,622,1674,1688,1691
445,534,624,1692,1704
446,535,625,1693,1694,1697,1707
447,536,626,1692,1693,1694,1701
448,537,627,1695,1696,1702,1710
449,538,628,1693,1695,1696,1697,1703
450,539,629,1694,1696,1697,1704
451,540,630,1698,1699
452,541,631,1698,1699,1700,1705
453,542,632,1695,1699,1700,1706
454,543,633,1692,1701,1711,1716
455,544,634,1702,1703,1707,1719
456,545,635,1693,1702,1703,1704,1712
457,546,636,1694,1701,1703,1704,1713
458,547,637,1705,1706,1710,1722
459,548,638,1695,1702,1705,1706,1707,1714
460,549,639,1696,1703,1706,1707,1715
461,550,640,1698,1708,1709,1717
462,551,641,1699,1705,1708,1709,1710,1718
463,552,642,1700,1706,1709,1710,1719
464,553,643,1711,1726
465,554,644,1712,1713,1716,1729
466,555,645,1701,1711,1712,1713,1723
467,556,646,1702,1714,1715,1724,1732
468,557,647,1703,1712,1714,1715,1716,1725
469,558,648,1704,1713,1715,1716,1726
470,559,649,1717,1718,1722,1734
471,560,650,1705,1717,1718,1719,1727
472,561,651,1706,1714,1718,1719,1728
473,562,652,1720,1721
474,563,653,1708,1717,1720,1721,1722,1730
475,564,654,1709,1718,1721,1722,1731
476,565,655,1711,1723,1735,1740
477,566,656,1724,1725,1729,1743
478,567,657,1712,1724,1725,1726,1736
479,568,658,1713,1723,1725,1726,1737
480,569,659,1727,1728,1732,1746
481,570,660,1714,1724,1727,1728,1729,1738
482,571,661,1715,1725,1728,1729,1739
483,572,662,1717,1730,1731,1741,1749
484,573,663,1718,1727,1730,1731,1732,1742
485,574,664,1719,1728,1731,1732,1743
486,575,665,1720,1733,1734,1744
487,576,666,1721,1730,1733,1734,1745
488,577,667,1735,1753
489,578,668,1736,1737,1740,1756
490,579,669,1723,1735,1736,1737,1750
491,580,670,1724,1738,1739,1751,1759
492,581,671,1725,1736,1738,1739,1740,1752
493,582,672,1726,1737,1739,1740,1753
494,583,673,1741,1742,1746,1762
495,584,674,1727,1741,1742,1743,1754
496,585,675,1728,1738,1742,1743,1755
497,586,676,1744,1745,1749,1764
498,587,677,1730,1741,1744,1745,1746,1757
499,588,678,1731,1742,1745,1746,1758
500,589,679,1747,1748,1760
501,590,680,1733,1744,1747,1748,1749,1761
502,591,681,1734,1745,1748,1749,1762
503,592,682,1735,1750,1765,1770
504,593,683,1751,1752,1756,1773
505,594,684,1736,1751,1752,1753,1766
506,595,685,1737,1750,1752,1753,1767
507,596,686,1754,1755,1759,1776
508,597,687,1738,1751,1754,1755,1756,1768
509,598,688,1739,1752,1755,1756,1769
510,599,689,1741,1757,1758,1771,1779
511,600,690,1742,1754,1757,1758,1759,1772
512,601,691,1743,1755,1758,1759,1773
513,602,692,1760,1761,1764,1780
514,603,693,1744,1760,1761,1762,1774
515,604,694,1745,1757,1761,1762,1775
516,605,695,1747,1760,1763,1764,1777
517,606,696,1748,1761,1763,1764,1778
518,607,697,1765
519,608,698,1766,1767,1770
520,609,699,1750,1765,1766,1767
521,610,700,1751,1768,1769
522,611,701,1752,1766,1768,1769,1770
523,612,702,1753,1767,1769,1770
524,613,703,1771,1772,1776
525,614,704,1754,1771,1772,1773
526,615,705,1755,1768,1772,1773
527,616,706,1774,1775,1779
528,617,707,1757,1771,1774,1775,1776
529,618,708,1758,1772,1775,1776
530,619,709,1760,1777,1778
531,620,710,1761,1774,1777,1778,1779
532,621,711,1762,1775,1778,1779
533,622,623,712,1763,1777,1780
622,623,801,1781
534,624,713,1782,1794
535,625,714,1783,1784,1787,1797
536,626,715,1782,1783,1784,1791
537,627,716,1785,1786,1792,1800
538,628,717,1783,1785,1786,1787,1793
539,629,718,1784,1786,1787,1794
540,630,719,1788,1789
541,631,720,1788,1789,1790,1795
542,632,721,1785,1789,1790,1796
543,633,722,1782,1791,1801,1806
544,634,723,1792,1793,1797,1809
545,635,724,1783,1792,1793,1794,1802
546,636,725,1784,1791,1793,1794,1803
547,637,726,1795,1796,1800,1812
548,638,727,1785,1792,1795,1796,1797,1804
549,639,728,1786,1793,1796,1797,1805
550,640,729,1788,1798,1799,1807
551,641,730,1789,1795,1798,1799,1800,1808
552,642,731,1790,1796,1799,1800,1809
553,643,732,1801,1816
554,644,733,1802,1803,1806,1819
555,645,734,1791,1801,1802,1803,1813
556,646,735,1792,1804,1805,1814,1822
557,647,736,1793,1802,1804,1805,1806,1815
558,648,737,1794,1803,1805,1806,1816
559,649,738,1807,1808,1812,1824
560,650,739,1795,1807,1808,1809,1817
561,651,740,1796,1804,1808,1809,1818
562,652,741,1810,1811
563,653,742,1798,1807,1810,1811,1812,1820
564,654,743,1799,1808,1811,1812,1821
565,655,744,1801,1813,1825,1830
566,656,745,1814,1815,1819,1833
567,657,746,1802,1814,1815,1816,1826
568,658,747,1803,1813,1815,1816,1827
569,659,748,1817,1818,1822,1836
570,660,749,1804,1814,1817,1818,1819,1828
571,661,750,1805,1815,1818,1819,1829
572,662,751,1807,1820,1821,1831,1839
573,663,752,1808,1817,1820,1821,1822,1832
574,664,753,1809,1818,1821,1822,1833
575,665,754,1810,1823,1824,1834
576,666,755,1811,1820,1823,1824,1835
577,667,756,1825,1843
578,668,757,1826,1827,1830,1846
579,669,758,1813,1825,1826,1827,1840
580,670,759,1814,1828,1829,1841,1849
581,671,760,1815,1826,1828,1829,1830,1842
582,672,761,1816,1827,1829,1830,1843
583,673,762,1831,1832,1836,1852
584,674,763,1817,1831,1832,1833,1844
585,675,764,1818,1828,1832,1833,1845
586,676,765,1834,1835,1839,1854
587,677,766,1820,1831,1834,1835,1836,1847
588,678,767,1821,1832,1835,1836,1848
589,679,768,1837,1838,1850
590,680,769,1823,1834,1837,1838,1839,1851
591,681,770,1824,1835,1838,1839,1852
592,682,771,1825,1840,1855,1860
593,683,772,1841,1842,1846,1863
594,684,773,1826,1841,1842,1843,1856
595,685,774,1827,1840,1842,1843,1857
596,686,775,1844,1845,1849,1866
597,687,776,1828,1841,1844,1845,1846,1858
598,688,777,1829,1842,1845,1846,1859
599,689,778,1831,1847,1848,1861,1869
600,690,779,1832,1844,1847,1848,1849,1862
601,691,780,1833,1845,1848,1849,1863
602,692,781,1850,1851,1854,1870
603,693,782,1834,1850,1851,1852,1864
604,694,783,1835,1847,1851,1852,1865
605,695,784,1837,1850,1853,1854,1867
606,696,785,1838,1851,1853,1854,1868
607,697,786,1855
608,698,787,1856,1857,1860
609,699,788,1840,1855,1856,1857
610,700,789,1841,1858,1859
611,701,790,1842,1856,1858,1859,1860
612,702,791,1843,1857,1859,1860
613,703,792,1861,1862,1866
614,704,793,1844,1861,1862,1863
615,705,794,1845,1858,1862,1863
616,706,795,1864,1865,1869
617,707,796,1847,1861,1864,1865,1866
618,708,797,1848,1862,1865,1866
619,709,798,1850,1867,1868
620,710,799,1851,1864,1867,1868,1869
621,711,800,1852,1865,1868,1869
622,712,801,1853,1867,1870
624,713,802,1871,1883
625,714,803,1872,1873,1876,1886
626,715,804,1871,1872,1873,1880
627,716,805,1874,1875,1881,1889
628,717,806,1872,1874,1875,1876,1882
629,718,807,1873,1875,1876,1883
630,719,808,1877,1878
631,720,809,1877,1878,1879,1884
632,721,810,1874,1878,1879,1885
633,722,811,1871,1880,1890,1895
634,723,812,1881,1882,1886,1898
635,724,813,1872,1881,1882,1883,1891
636,725,814,1873,1880,1882,1883,1892
637,726,815,1884,1885,1889,1901
638,727,816,1874,1881,1884,1885,1886,1893
639,728,817,1875,1882,1885,1886,1894
640,729,818,1877,1887,1888,1896
641,730,819,1878,1884,1887,1888,1889,1897
642,731,820,1879,1885,1888,1889,1898
643,732,821,1890,1905
644,733,822,1891,1892,1895,1908
645,734,823,1880,1890,1891,1892,1902
646,735,824,1881,1893,1894,1903,1911
647,736,825,1882,1891,1893,1894,1895,1904
648,737,826,1883,1892,1894,1895,1905
649,738,827,1896,1897,1901,1913
650,739,828,1884,1896,1897,1898,1906
651,740,829,1885,1893,1897,1898,1907
652,741,830,1899,1900
653,742,831,1887,1896,1899,1900,1901,1909
654,743,832,1888,1897,1900,1901,1910
655,744,833,1890,1902,1914,1919
656,745,834,1903,1904,1908,1922
657,746,835,1891,1903,1904,1905,1915
658,747,836,1892,1902,1904,1905,1916
659,748,837,1906,1907,1911,1925
660,749,838,1893,1903,1906,1907,1908,1917
661,750,839,1894,1904,1907,1908,1918
662,751,840,1896,1909,1910,1920,1928
663,752,841,1897,1906,1909,1910,1911,1921
664,753,842,1898,1907,1910,1911,1922
665,754,843,1899,1912,1913,1923
666,755,844,1900,1909,1912,1913,1924
667,756,845,1914,1932
668,757,846,1915,1916,1919,1935
669,758,847,1902,1914,1915,1916,1929
670,759,848,1903,1917,1918,1930,1938
671,760,849,1904,1915,1917,1918,1919,1931
672,761,850,1905,1916,1918,1919,1932
673,762,851,1920,1921,1925,1941
674,763,852,1906,1920,1921,1922,1933
675,764,853,1907,1917,1921,1922,1934
676,765,854,1923,1924,1928,1943
677,766,855,1909,1920,1923,1924,1925,1936
678,767,856,1910,1921,1924,1925,1937
679,768,857,1926,1927,1939
680,769,858,1912,1923,1926,1927,1928,1940
681,770,859,1913,1924,1927,1928,1941
682,771,860,1914,1929,1944,1949
683,772,861,1930,1931,1935,1952
684,773,862,1915,1930,1931,1932,1945
685,774,863,1916,1929,1931,1932,1946
686,775,864,1933,1934,1938,1955
687,776,865,1917,1930,1933,1934,1935,1947
688,777,866,1918,1931,1934,1935,1948
689,778,867,1920,1936,1937,1950,1958
690,779,868,1921,1933,1936,1937,1938,1951
691,780,869,1922,1934,1937,1938,1952
692,781,870,1939,1940,1943,1959
693,782,871,1923,1939,1940,1941,1953
694,783,872,1924,1936,1940,1941,1954
695,784,873,1926,1939,1942,1943,1956
696,785,874,1927,1940,1942,1943,1957
697,786,875,1944
698,787,876,1945,1946,1949
699,788,877,1929,1944,1945,1946
700,789,878,1930,1947,1948
701,790,879,1931,1945,1947,1948,1949
702,791,880,1932,1946,1948,1949
703,792,881,1950,1951,1955
704,793,882,1933,1950,1951,1952
705,794,883,1934,1947,1951,1952
706,795,884,1953,1954,1958
707,796,885,1936,1950,1953,1954,1955
708,797,886,1937,1951,1954,1955
709,798,887,1939,1956,1957
710,799,888,1940,1953,1956,1957,1958
711,800,889,1941,1954,1957,1958
623,712,801,890,1942,1956,1959
713,802,891,1960,1972
714,803,892,1961,1962,1965,1975
715,804,893,1960,1961,1962,1969
716,805,894,1963,1964,1970,1978
717,806,895,1961,1963,1964,1965,1971
718,807,896,1962,1964,1965,1972
719,808,897,1966,1967
720,809,898,1966,1967,1968,1973
721,810,899,1963,1967,1968,1974
722,811,900,1960,1969,1979,1984
723,812,901,1970,1971,1975,1987
724,813,902,1961,1970,1971,1972,1980
725,814,903,1962,1969,1971,1972,1981
726,815,904,1973,1974,1978,1990
727,816,905,1963,1970,1973,1974,1975,1982
728,817,906,1964,1971,1974,1975,1983
729,818,907,1966,1976,1977,1985
730,819,908,1967,1973,1976,1977,1978,1986
731,820,909,1968,1974,1977,1978,1987
732,821,910,1979,1994
733,822,911,1980,1981,1984,1997
734,823,912,1969,1979,1980,1981,1991
735,824,913,1970,1982,1983,1992,2000
736,825,914,1971,1980,1982,1983,1984,1993
737,826,915,1972,1981,1983,1984,1994
738,827,916,1985,1986,1990,2002
739,828,917,1973,1985,1986,1987,1995
740,829,918,1974,1982,1986,1987,1996
741,830,919,1988,1989
742,831,920,1976,1985,1988,1989,1990,1998
743,832,921,1977,1986,1989,1990,1999
744,833,922,1979,1991,2003,2008
745,834,923,1992,1993,1997,2011
746,835,924,1980,1992,1993,1994,2004
747,836,925,1981,1991,1993,1994,2005
748,837,926,1995,1996,2000,2014
749,838,927,1982,1992,1995,1996,1997,2006
750,839,928,1983,1993,1996,1997,2007
751,840,929,1985,1998,1999,2009,2017
752,841,930,1986,1995,1998,1999,2000,2010
753,842,931,1987,1996,1999,2000,2011
754,843,932,1988,2001,2002,2012
755,844,933,1989,1998,2001,2002,2013
756,845,934,2003,2021
757,846,935,2004,2005,2008,2024
758,847,936,1991,2003,2004,2005,2018
759,848,937,1992,2006,2007,2019,2027
760,849,938,1993,2004,2006,2007,2008,2020
761,850,939,1994,2005,2007,2008,2021
762,851,940,2009,2010,2014,2030
763,852,941,1995,2009,2010,2011,2022
764,853,942,1996,2006,2010,2011,2023
765,854,943,2012,2013,2017,2032
766,855,944,1998,2009,2012,2013,2014,2025
767,856,945,1999,2010,2013,2014,2026
768,857,946,2015,2016,2028
769,858,947,2001,2012,2015,2016,2017,2029
770,859,948,2002,2013,2016,2017,2030
771,860,949,2003,2018,2033,2038
772,861,950,2019,2020,2024,2041
773,862,951,2004,2019,2020,2021,2034
774,863,952,2005,2018,2020,2021,2035
775,864,953,2022,2023,2027,2044
776,865,954,2006,2019,2022,2023,2024,2036
777,866,955,2007,2020,2023,2024,2037
778,867,956,2009,2025,2026,2039,2047
779,868,957,2010,2022,2025,2026,2027,2040
780,869,958,2011,2023,2026,2027,2041
781,870,959,2028,2029,2032,2048
782,871,960,2012,2028,2029,2030,2042
783,872,961,2013,2025,2029,2030,2043
784,873,962,2015,2028,2031,2032,2045
785,874,963,2016,2029,2031,2032,2046
786,875,964,2033
787,876,965,2034,2035,2038
788,877,966,2018,2033,2034,2035
789,878,967,2019,2036,2037
790,879,968,2020,2034,2036,2037,2038
791,880,969,2021,2035,2037,2038
792,881,970,2039,2040,2044
793,882,971,2022,2039,2040,2041
794,883,972,2023,2036,2040,2041
795,884,973,2042,2043,2047
796,885,974,2025,2039,2042,2043,2044
797,886,975,2026,2040,2043,2044
798,887,976,2028,2045,2046
799,888,977,2029,2042,2045,2046,2047
800,889,978,2030,2043,2046,2047
801,890,979,2031,2045,2048
802,891,980,2049,2061
803,892,981,2050,2051,2054,2064
804,893,982,2049,2050,2051,2058
805,894,983,2052,2053,2059,2067
806,895,984,2050,2052,2053,2054,2060
807,896,985,2051,2053,2054,2061
808,897,986,2055,2056
809,898,987,2055,2056,2057,2062
810,899,988,2052,2056,2057,2063
811,900,989,2049,2058,2068,2073
812,901,990,2059,2060,2064,2076
813,902,991,2050,2059,2060,2061,2069
814,903,992,2051,2058,2060,2061,2070
815,904,993,2062,2063,2067,2079
816,905,994,2052,2059,2062,2063,2064,2071
817,906,995,2053,2060,2063,2064,2072
818,907,996,2055,2065,2066,2074
819,908,997,2056,2062,2065,2066,2067,2075
820,909,998,2057,2063,2066,2067,2076
821,910,999,2068,2083
822,911,1000,2069,2070,2073,2086
823,912,1001,2058,2068,2069,2070,2080
824,913,1002,2059,2071,2072,2081,2089
825,914,1003,2060,2069,2071,2072,2073,2082
826,915,1004,2061,2070,2072,2073,2083
827,916,1005,2074,2075,2079,2091
828,917,1006,2062,2074,2075,2076,2084
829,918,1007,2063,2071,2075,2076,2085
830,919,1008,2077,2078
831,920,1009,2065,2074,2077,2078,2079,2087
832,921,1010,2066,2075,2078,2079,2088
833,922,1011,2068,2080,2092,2097
834,923,1012,2081,2082,2086,2100
835,924,1013,2069,2081,2082,2083,2093
836,925,1014,2070,2080,2082,2083,2094
837,926,1015,2084,2085,2089,2103
838,927,1016,2071,2081,2084,2085,2086,2095
839,928,1017,2072,2082,2085,2086,2096
840,929,1018,2074,2087,2088,2098,2106
841,930,1019,2075,2084,2087,2088,2089,2099
842,931,1020,2076,2085,2088,2089,2100
843,932,1021,2077,2090,2091,2101
844,933,1022,2078,2087,2090,2091,2102
845,934,1023,2092,2110
846,935,1024,2093,2094,2097,2113
847,936,1025,2080,2092,2093,2094,2107
848,937,1026,2081,2095,2096,2108,2116
849,938,1027,2082,2093,2095,2096,2097,2109
850,939,1028,2083,2094,2096,2097,2110
851,940,1029,2098,2099,2103,2119
852,941,1030,2084,2098,2099,2100,2111
853,942,1031,2085,2095,2099,2100,2112
854,943,1032,2101,2102,2106,2121
855,944,1033,2087,2098,2101,2102,2103,2114
856,945,1034,2088,2099,2102,2103,2115
857,946,1035,2104,2105,2117
858,947,1036,2090,2101,2104,2105,2106,2118
859,948,1037,2091,2102,2105,2106,2119
860,949,1038,2092,2107,2122,2127
861,950,1039,2108,2109,2113,2130
862,951,1040,2093,2108,2109,2110,2123
863,952,1041,2094,2107,2109,2110,2124
864,953,1042,2111,2112,2116,2133
865,954,1043,2095,2108,2111,2112,2113,2125
866,955,1044,2096,2109,2112,2113,2126
867,956,1045,2098,2114,2115,2128,2136
868,957,1046,2099,2111,2114,2115,2116,2129
869,958,1047,2100,2112,2115,2116,2130
870,959,1048,2117,2118,2121,2137
871,960,1049,2101,2117,2118,2119,2131
872,961,1050,2102,2114,2118,2119,2132
873,962,1051,2104,2117,2120,2121,2134
874,963,1052,2105,2118,2120,2121,2135
875,964,1053,2122
876,965,1054,2123,2124,2127
877,966,1055,2107,2122,2123,2124
878,967,1056,2108,2125,2126
879,968,1057,2109,2123,2125,2126,2127
880,969,1058,2110,2124,2126,2127
881,970,1059,2128,2129,2133
882,971,1060,2111,2128,2129,2130
883,972,1061,2112,2125,2129,2130
884,973,1062,2131,2132,2136
885,974,1063,2114,2128,2131,2132,2133
886,975,1064,2115,2129,2132,2133
887,976,1065,2117,2134,2135
888,977,1066,2118,2131,2134,2135,2136
889,978,1067,2119,2132,2135,2136
890,979,1068,2120,2134,2137
891,980,1069,2138,2150
892,981,1070,2139,2140,2143,2153
893,982,1071,2138,2139,2140,2147
894,983,1072,2141,2142,2148,2156
895,984,1073,2139,2141,2142,2143,2149
896,985,1074,2140,2142,2143,2150
897,986,1075,2144,2145
898,987,1076,2144,2145,2146,2151
899,988,1077,2141,2145,2146,2152
900,989,1078,2138,2147,2157,2162
901,990,1079,2148,2149,2153,2165
902,991,1080,2139,2148,2149,2150,2158
903,992,1081,2140,2147,2149,2150,2159
904,993,1082,2151,2152,2156,2168
905,994,1083,2141,2148,2151,2152,2153,2160
906,995,1084,2142,2149,2152,2153,2161
907,996,1085,2144,2154,2155,2163
908,997,1086,2145,2151,2154,2155,2156,2164
909,998,1087,2146,2152,2155,2156,2165
910,999,1088,2157,2172
911,1000,1089,2158,2159,2162,2175
912,1001,1090,2147,2157,2158,2159,2169
913,1002,1091,2148,2160,2161,2170,2178
914,1003,1092,2149,2158,2160,2161,2162,2171
915,1004,1093,2150,2159,2161,2162,2172
916,1005,1094,2163,2164,2168,2180
917,1006,1095,2151,2163,2164,2165,2173
918,1007,1096,2152,2160,2164,2165,2174
919,1008,1097,2166,2167
920,1009,1098,2154,2163,2166,2167,2168,2176
921,1010,1099,2155,2164,2167,2168,2177
922,1011,1100,2157,2169,2181,2186
923,1012,1101,2170,2171,2175,2189
924,1013,1102,2158,2170,2171,2172,2182
925,1014,1103,2159,2169,2171,2172,2183
926,1015,1104,2173,2174,2178,2192
927,1016,1105,2160,2170,2173,2174,2175,2184
928,1017,1106,2161,2171,2174,2175,2185
929,1018,1107,2163,2176,2177,2187,2195
930,1019,1108,2164,2173,2176,2177,2178,2188
931,1020,1109,2165,2174,2177,2178,2189
932,1021,1110,2166,2179,2180,2190
933,1022,1111,2167,2176,2179,2180,2191
934,1023,1112,2181,2199
935,1024,1113,2182,2183,2186,2202
936,1025,1114,2169,2181,2182,2183,2196
937,1026,1115,2170,2184,2185,2197,2205
938,1027,1116,2171,2182,2184,2185,2186,2198
939,1028,1117,2172,2183,2185,2186,2199
940,1029,1118,2187,2188,2192,2208
941,1030,1119,2173,2187,2188,2189,2200
942,1031,1120,2174,2184,2188,2189,2201
943,1032,1121,2190,2191,2195,2210
944,1033,1122,2176,2187,2190,2191,2192,2203
945,1034,1123,2177,2188,2191,2192,2204
946,1035,1124,2193,2194,2206
947,1036,1125,2179,2190,2193,2194,2195,2207
948,1037,1126,2180,2191,2194,2195,2208
949,1038,1127,2181,2196,2211,2216
950,1039,1128,2197,2198,2202,2219
951,1040,1129,2182,2197,2198,2199,2212
952,1041,1130,2183,2196,2198,2199,2213
953,1042,1131,2200,2201,2205,2222
954,1043,1132,2184,2197,2200,2201,2202,2214
955,1044,1133,2185,2198,2201,2202,2215
956,1045,1134,2187,2203,2204,2217,2225
957,1046,1135,2188,2200,2203,2204,2205,2218
958,1047,1136,2189,2201,2204,2205,2219
959,1048,1137,2206,2207,2210,2226
960,1049,1138,2190,2206,2207,2208,2220
961,1050,1139,2191,2203,2207,2208,2221
962,1051,1140,2193,2206,2209,2210,2223
963,1052,1141,2194,2207,2209,2210,2224
964,1053,1142,2211
965,1054,1143,2212,2213,2216
966,1055,1144,2196,2211,2212,2213
967,1056,1145,2197,2214,2215
968,1057,1146,2198,2212,2214,2215,2216
969,1058,1147,2199,2213,2215,2216
970,1059,1148,2217,2218,2222
971,1060,1149,2200,2217,2218,2219
972,1061,1150,2201,2214,2218,2219
973,1062,1151,2220,2221,2225
974,1063,1152,2203,2217,2220,2221,2222
975,1064,1153,2204,2218,2221,2222
976,1065,1154,2206,2223,2224
977,1066,1155,2207,2220,2223,2224,2225
978,1067,1156,2208,2221,2224,2225
979,1068,1157,2209,2223,2226
980,1069,2227,2239
981,1070,2228,2229,2232,2242
982,1071,2227,2228,2229,2236
983,1072,2230,2231,2237,2245
984,1073,2228,2230,2231,2232,2238
985,1074,2229,2231,2232,2239
986,1075,2233,2234
987,1076,2233,2234,2235,2240
988,1077,2230,2234,2235,2241
989,1078,2227,2236,2246,2251
990,1079,2237,2238,2242,2254
991,1080,2228,2237,2238,2239,2247
992,1081,2229,2236,2238,2239,2248
993,1082,2240,2241,2245,2257
994,1083,2230,2237,2240,2241,2242,2249
995,1084,2231,2238,2241,2242,2250
996,1085,2233,2243,2244,2252
997,1086,2234,2240,2243,2244,2245,2253
998,1087,2235,2241,2244,2245,2254
999,1088,2246,2261
1000,1089,2247,2248,2251,2264
1001,1090,2236,2246,2247,2248,2258
1002,1091,2237,2249,2250,2259,2267
1003,1092,2238,2247,2249,2250,2251,2260
1004,1093,2239,2248,2250,2251,2261
1005,1094,2252,2253,2257,2269
1006,1095,2240,2252,2253,2254,2262
1007,1096,2241,2249,2253,2254,2263
1008,1097,2255,2256
1009,1098,2243,2252,2255,2256,2257,2265
1010,1099,2244,2253,2256,2257,2266
1011,1100,2246,2258,2270,2275
1012,1101,2259,2260,2264,2278
1013,1102,2247,2259,2260,2261,2271
1014,1103,2248,2258,2260,2261,2272
1015,1104,2262,2263,2267,2281
1016,1105,2249,2259,2262,2263,2264,2273
1017,1106,2250,2260,2263,2264,2274
1018,1107,2252,2265,2266,2276,2284
1019,1108,2253,2262,2265,2266,2267,2277
1020,1109,2254,2263,2266,2267,2278
1021,1110,2255,2268,2269,2279
1022,1111,2256,2265,2268,2269,2280
1023,1112,2270,2288
1024,1113,2271,2272,2275,2291
1025,1114,2258,2270,2271,2272,2285
1026,1115,2259,2273,2274,2286,2294
1027,1116,2260,2271,2273,2274,2275,2287
1028,1117,2261,2272,2274,2275,2288
1029,1118,2276,2277,2281,2297
1030,1119,2262,2276,2277,2278,2289
1031,1120,2263,2273,2277,2278,2290
1032,1121,2279,2280,2284,2299
1033,1122,2265,2276,2279,2280,2281,2292
1034,1123,2266,2277,2280,2281,2293
1035,1124,2282,2283,2295
1036,1125,2268,2279,2282,2283,2284,2296
1037,1126,2269,2280,2283,2284,2297
1038,1127,2270,2285,2300,2305
1039,1128,2286,2287,2291,2308
1040,1129,2271,2286,2287,2288,2301
1041,1130,2272,2285,2287,2288,2302
1042,1131,2289,2290,2294,2311
1043,1132,2273,2286,2289,2290,2291,2303
1044,1133,2274,2287,2290,2291,2304
1045,1134,2276,2292,2293,2306,2314
1046,1135,2277,2289,2292,2293,2294,2307
1047,1136,2278,2290,2293,2294,2308
1048,1137,2295,2296,2299,2315
1049,1138,2279,2295,2296,2297,2309
1050,1139,2280,2292,2296,2297,2310
1051,1140,2282,2295,2298,2299,2312
1052,1141,2283,2296,2298,2299,2313
1053,1142,2300
1054,1143,2301,2302,2305
1055,1144,2285,2300,2301,2302
1056,1145,2286,2303,2304
1057,1146,2287,2301,2303,2304,2305
1058,1147,2288,2302,2304,2305
1059,1148,2306,2307,2311
1060,1149,2289,2306,2307,2308
1061,1150,2290,2303,2307,2308
1062,1151,2309,2310,2314
1063,1152,2292,2306,2309,2310,2311
1064,1153,2293,2307,2310,2311
1065,1154,2295,2312,2313
1066,1155,2296,2309,2312,2313,2314
1067,1156,2297,2310,2313,2314
1068,1157,2298,2312,2315
