-3.5964185678901117,-0.0028493823936662777,4.744851754558157
-4.0952914757500185,0.8142437129571392,3.715167875202739
-3.8563502913528254,0.5624254548608022,4.454698276592278
-4.5941643836099235,1.6313368083079447,2.6854839958473202
-4.355223199212731,1.3795185502116079,3.4250143972368594
-4.116282014815538,1.127700292115271,4.164544798626398
-5.3319784758670234,2.7002481617550873,0.916269715102363
-5.09303729146983,2.4484299036587505,1.655800116491902
-4.854096107072637,2.1966116455624136,2.3953305178814412
-3.4590040381769187,-0.7153724067036654,4.16700546125581
-4.196818130434018,0.3535389467434771,2.397791180510853
-3.9578769460368255,0.10172068864714012,3.137321581900392
-3.7189357616396324,-0.15009756944919683,3.876851983289931
-4.6956910382939245,1.1706320420942826,1.368107301155435
-4.456749853896731,0.9188137839979457,2.107637702544974
-4.217808669499539,0.6669955259016087,2.8471681039345134
-5.19456394615383,1.9877251374450884,0.33842342180001694
-4.955622761756637,1.7359068793487513,1.077953823189556
-4.716681577359444,1.4840886212524143,1.8174842245790952
-3.061657785001013,-1.9931702682681331,3.879312645919343
-3.5605306928609197,-1.1760771729173278,2.8496287665639253
-3.3215895084637266,-1.4278954310136647,3.589159167953464
-4.059403600720826,-0.3589840775665222,1.8199448872085071
-3.8204624163236334,-0.6108023356628591,2.559475288598046
-3.5815212319264402,-0.8626205937591961,3.299005689987585
-4.7972176929779256,0.7099272758806203,0.050730606463549655
-4.558276508580732,0.45810901778428337,0.7902610078530887
-4.319335324183539,0.2062907596879464,1.5297914092426277
-5.296090600837831,1.527020371231426,-0.9789532728918685
-5.057149416440638,1.275202113135089,-0.23942287150232944
-4.818208232043445,1.0233838550387522,0.5001075298872096
-2.92424325528782,-2.7056932925781325,3.3014663526169965
-3.6620573475449194,-1.63678193913099,1.5322520718720396
-3.4231161631477267,-1.888600197227327,2.2717824732615783
-3.1841749787505336,-2.140418455323664,3.0113128746511175
-4.160930255404826,-0.8196888437801845,0.5025681925166213
-3.921989071007633,-1.0715071018765214,1.2420985939061604
-3.6830478866104404,-1.3233253599728583,1.9816289952956994
-4.659803163264732,-0.00259574842937893,-0.5271156868387968
-4.4208619788675385,-0.2544140065257159,0.21241471455074223
-4.181920794470345,-0.5062322646220528,0.9519451159402813
-5.1586760711246376,0.8144973469214267,-1.556799566194215
-4.919734886727445,0.5626790888250898,-0.8172691648046759
-2.526897002111914,-3.983491154142601,3.0137735372805294
-3.025769909971821,-3.1663980587917946,1.9840896579251113
-2.786828725574628,-3.418216316888132,2.7236200593146505
-3.524642817831727,-2.3493049634409893,0.9544057785696931
-3.285701633434534,-2.6011232215373266,1.6939361799592323
-3.0467604490373414,-2.8529414796336634,2.433466581348771
-4.262456910088826,-1.280393609993847,-0.8148085021752641
-4.023515725691633,-1.532211868090184,-0.07527810078572506
-3.78457454129444,-1.7840301261865208,0.664252300603814
-4.761329817948732,-0.46330051464304134,-1.8444923815306824
-4.5223886335515395,-0.7151187727393783,-1.1049619801411432
-4.283447449154346,-0.9669370308357152,-0.36543157875160415
-5.260202725808639,0.3537925807077643,-2.8741762608861006
-5.021261541411445,0.10197432261142736,-2.1346458594965614
-4.782320357014253,-0.1498439354849096,-1.3951154581070222
-2.389482472398722,-4.696014178452599,2.435927243978183
-3.1272965646558206,-3.6271028250054567,0.6667129632332258
-2.888355380258628,-3.878921083101794,1.4062433646227648
-2.649414195861435,-4.13073934119813,2.145773766012304
-3.626169472515727,-2.8100097296546513,-0.36297091612219234
-3.3872282881185343,-3.061827987750988,0.3765594852673467
-3.1482871037213416,-3.313646245847325,1.1160898866568858
-4.125042380375634,-1.992916634303846,-1.3926547954776105
-3.8861011959784406,-2.244734892400183,-0.6531243940880714
-3.647160011581248,-2.4965531504965197,0.08640600730146764
-4.862856472632733,-0.9240052808567033,-3.1618690762225676
-4.62391528823554,-1.1758235389530403,-2.4223386748330284
-4.384974103838347,-1.427641797049377,-1.6828082734434897
-5.122788196095446,-0.3587304436022346,-3.4520225541884466
-4.883847011698252,-0.6105487016985716,-2.712492152798908
-1.9921362192228156,-5.973812040017068,2.148234428641716
-2.491009127082722,-5.156718944666261,1.1185505492862977
-2.252067942685529,-5.408537202762599,1.8580809506758367
-2.9898820349426285,-4.339625849315457,0.08886666993087955
-2.750940850545436,-4.591444107411793,0.8283970713204186
-2.5119996661482427,-4.843262365508131,1.5679274727099575
-3.727696127199727,-3.270714495868314,-1.6803476108140778
-3.4887549428025344,-3.5225327539646507,-0.9408172094245386
-3.2498137584053417,-3.7743510120609876,-0.20128680803499954
-4.226569035059633,-2.453621400517508,-2.710031490169496
-3.9876278506624403,-2.7054396586138454,-1.9705010887799568
-3.7486866662652476,-2.9572579167101822,-1.2309706873904176
-4.72544194291954,-1.6365283051667028,-3.739715369524914
-4.486500758522347,-1.8883465632630398,-3.000184968135375
-4.247559574125154,-2.140164821359377,-2.2606545667458358
-4.985373666382253,-1.0712534679122339,-4.029868847490793
-3.0197668230832715,0.19301811749498932,4.6191946447290535
-3.5186397309431774,1.0101112128457947,3.5895107653736353
-3.2796985465459843,0.7582929547494578,4.329041166763174
-4.017512638803083,1.8272043081966003,2.559826886018217
-3.778571454405891,1.5753860501002632,3.2993572874077564
-3.539630270008698,1.3235677920039262,4.0388876887972955
-4.755326731060183,2.896115661643743,0.7906126052732599
-4.51638554666299,2.644297403547406,1.530143006662799
-4.277444362265797,2.392479145451069,2.269673408052338
-2.8823522933700785,-0.5195049068150098,4.0413483514267075
-3.620166385627178,0.5494064466321327,2.2721340706817506
-3.3812252012299853,0.2975881885357957,3.0116644720712893
-3.142284016832792,0.04576993043945876,3.7511948734608285
-4.119039293487084,1.3664995419829382,1.2424501913263322
-3.8800981090898916,1.1146812838866014,1.9819805927158711
-3.641156924692699,0.8628630257902643,2.7215109941054103
-4.61791220134699,2.183592637333744,0.212766311970914
-4.378971016949797,1.931774379237407,0.9522967133604531
-4.140029832552604,1.6799561211410698,1.6918271147499921
-2.4850060401941727,-1.7973027683794776,3.75365553609024
-2.983878948054079,-0.9802096730286721,2.7239716567348218
-2.7449377636568864,-1.232027931125009,3.463502058124361
-3.482751855913985,-0.16311657767786658,1.6942877773794038
-3.2438106715167923,-0.41493483577420354,2.433818178768943
-3.004869487119599,-0.6667530938705405,3.173348580158482
-4.220565948171084,0.9057947757692759,-0.0749265033655534
-3.9816247637738913,0.653976517672939,0.6646038980239857
-3.7426835793766986,0.402158259576602,1.4041342994135246
-4.71943885603099,1.7228878711200817,-1.1046103827209715
-4.480497671633798,1.4710696130237446,-0.3650799813314325
-4.241556487236605,1.2192513549274078,0.3744504200581066
-2.3475915104809797,-2.509825792689477,3.175809242787894
-3.085405602738079,-1.4409144392423343,1.4065949620429365
-2.8464644183408865,-1.6927326973386714,2.1461253634324757
-2.6075232339436933,-1.9445509554350084,2.8856557648220145
-3.5842785105979855,-0.6238213438915289,0.3769110826875184
-3.345337326200793,-0.8756396019878658,1.1164414840770576
-3.1063961418036,-1.1274578600842027,1.8559718854665965
-4.083151418457891,0.19327175145927666,-0.6527727966678998
-3.8442102340606987,-0.05854650663706029,0.08675760472163929
-3.605269049663506,-0.31036476473339725,0.8262880061111784
-4.582024326317797,1.0103648468100823,-1.682456676023318
-4.343083141920605,0.7585465887137454,-0.9429262746337789
-1.9502452573050741,-3.787623654253945,2.8881164274514264
-2.4491181651649807,-2.970530558903139,1.8584325480960082
-2.2101769807677876,-3.2223488169994763,2.5979629494855474
-2.9479910730248866,-2.1534374635523337,0.8287486687405902
-2.709049888627694,-2.405255721648671,1.5682790701301292
-2.470108704230501,-2.657073979745008,2.3078094715196684
-3.685805165281985,-1.0845261101051915,-0.9404656120043671
-3.4468639808847925,-1.3363443682015284,-0.200935210614828
-3.2079227964876,-1.5881626262978652,0.5385951907747111
-4.1846780731418916,-0.26743301475438574,-1.9701494913597852
-3.945736888744699,-0.5192512728507227,-1.2306190899702463
-3.706795704347506,-0.7710695309470597,-0.4910886885807071
-4.683550981001798,0.5496600805964199,-2.999833370715203
-4.444609796604605,0.29784182250008295,-2.2603029693256644
-4.205668612207413,0.046023564403746,-1.5207725679361253
-1.8128307275918816,-4.500146678563944,2.31027013414908
-2.5506448198489804,-3.431235325116801,0.5410558534041229
-2.3117036354517877,-3.6830535832131384,1.280586254793662
-2.0727624510545946,-3.934871841309475,2.020116656183201
-3.0495177277088867,-2.6141422297659958,-0.4886280259512953
-2.810576543311694,-2.8659604878623326,0.2509023754382438
-2.5716353589145013,-3.1177787459586694,0.9904327768277829
-3.548390635568793,-1.7970491344151904,-1.5183119053067133
-3.3094494511716004,-2.0488673925115273,-0.7787815039171744
-3.0705082667744077,-2.300685650607864,-0.039251102527635306
-4.286204727825892,-0.7281377809680477,-3.2875261860516707
-4.047263543428699,-0.9799560390643847,-2.547995784662132
-3.8083223590315063,-1.2317742971607215,-1.8084653832725928
-4.546136451288605,-0.162862943713579,-3.5776796640175497
-4.307195266891412,-0.41468120180991597,-2.8381492626280105
-1.4154844744159754,-5.777944540128412,2.022577318812613
-1.914357382275882,-4.960851444777606,0.9928934394571947
-1.675416197878689,-5.212669702873943,1.7324238408467336
-2.4132302901357883,-4.1437583494268,-0.036790439898223504
-2.1742891057385956,-4.395576607523138,0.7027399614913156
-1.9353479213414027,-4.647394865619474,1.4422703628808544
-3.151044382392887,-3.0748469959796583,-1.8060047206431808
-2.912103197995694,-3.326665254075995,-1.0664743192536417
-2.6731620135985015,-3.578483512172332,-0.3269439178641026
-3.6499172902527928,-2.2577539006288525,-2.8356885999985986
-3.4109761058556,-2.50957215872519,-2.09615819860906
-3.1720349214584074,-2.7613904168215266,-1.3566277972195206
-4.1487901981127,-1.4406608052780472,-3.8653724793540167
-3.9098490137155064,-1.6924790633743843,-3.125842077964478
-3.6709078293183137,-1.9442973214707213,-2.386311676574939
-4.408721921575413,-0.8753859680235784,-4.155525957319896
-2.2960857239094077,0.458805177951218,4.480611197730656
-2.7949586317693136,1.2758982733020237,3.4509273183752383
-2.5560174473721204,1.0240800152056866,4.190457719764778
-3.29383153962922,2.092991368652829,2.42124343901982
-3.0548903552320272,1.8411731105564921,3.1607738404093593
-2.815949170834834,1.589354852460155,3.9003042417988985
-4.031645631886319,3.161902722099972,0.6520291582748629
-3.7927044474891263,2.910084464003635,1.391559559664402
-3.5537632630919336,2.658266205907298,2.131089961053941
-2.1586711941962147,-0.25371784635878114,3.9027649044283104
-2.896485286453314,0.8151935070883612,2.133550623683353
-2.6575441020561215,0.5633752489920243,2.873081025072892
-2.4186029176589283,0.31155699089568734,3.612611426462431
-3.39535819431322,1.632286602439167,1.1038667443279349
-3.1564170099160274,1.3804683443428298,1.843397145717474
-2.9174758255188347,1.128650086246493,2.5829275471070128
-3.894231102173126,2.4493796977899724,0.0741828649725167
-3.6552899177759333,2.1975614396936356,0.8137132663620558
-3.4163487333787406,1.9457431815972988,1.5532436677515948
-1.7613249410203091,-1.531515707923249,3.615072089091843
-2.2601978488802152,-0.7144226125724434,2.5853882097364247
-2.0212566644830225,-0.9662408706687804,3.324918611125964
-2.759070756740121,0.1026704827783621,1.5557043303810068
-2.5201295723429284,-0.14914777531797485,2.2952347317705457
-2.2811883879457353,-0.4009660334143118,3.034765133160085
-3.49688484899722,1.1715818362255046,-0.21350995036395048
-3.2579436646000275,0.9197635781291676,0.5260204510255886
-3.019002480202835,0.6679453200328307,1.2655508524151275
-3.9957577568571265,1.9886749315763101,-1.2431938297193685
-3.756816572459934,1.736856673479973,-0.5036634283298296
-3.517875388062741,1.4850384153836362,0.2358669730597095
-1.623910411307116,-2.2440387322332485,3.0372257957894964
-2.3617245035642154,-1.1751273787861058,1.2680115150445395
-2.1227833191670227,-1.4269456368824427,2.0075419164340786
-1.8838421347698298,-1.6787638949787795,2.7470723178236174
-2.8605974114241217,-0.3580342834353002,0.2383276356891212
-2.621656227026929,-0.6098525415316371,0.9778580370786603
-2.3827150426297363,-0.8616707996279741,1.7173884384681992
-3.3594703192840276,0.45905881191550535,-0.791356243666297
-3.120529134886835,0.2072405538191684,-0.051825842276757905
-2.8815879504896422,-0.04457770427716856,0.6877045591127812
-3.8583432271439335,1.276151907266311,-1.821040123021715
-3.619402042746741,1.0243336491699742,-1.081509721632176
-1.2265641581312103,-3.5218365937977163,2.7495329804530293
-1.725437065991117,-2.70474349844691,1.7198491010976111
-1.486495881593924,-2.9565617565432474,2.45937950248715
-2.224309973851023,-1.8876504030961048,0.690165221742193
-1.98536878945383,-2.139468661192442,1.4296956231317322
-1.7464276050566372,-2.391286919288779,2.169226024521271
-2.9621240661081214,-0.8187390496489625,-1.0790490590027644
-2.7231828817109287,-1.0705573077452994,-0.3395186576132252
-2.484241697313736,-1.3223755658416363,0.4000117437763139
-3.4609969739680277,-0.0016459542981568376,-2.1087329383581825
-3.222055789570835,-0.2534642123944938,-1.3692025369686434
-2.9831146051736424,-0.5052824704908307,-0.6296721355791043
-3.9598698818279345,0.8154471410526488,-3.1384168177136003
-3.7209286974307414,0.5636288829563119,-2.3988864163240615
-3.4819875130335487,0.3118106248599749,-1.6593560149345223
-1.0891496284180178,-4.234359618107716,2.171686687150683
-1.8269637206751166,-3.1654482646605726,0.4024724064057257
-1.588022536277924,-3.4172665227569095,1.1420028077952646
-1.349081351880731,-3.6690847808532467,1.8815332091848038
-2.325836628535023,-2.3483551693097673,-0.6272114729496925
-2.0868954441378302,-2.600173427406104,0.11231892843984659
-1.8479542597406375,-2.8519916855024414,0.8518493298293857
-2.8247095363949293,-1.531262073958962,-1.6568953523051106
-2.5857683519977366,-1.7830803320552988,-0.9173649509155716
-2.346827167600544,-2.0348985901516357,-0.1778345495260325
-3.562523628652028,-0.46235072051181925,-3.4261096330500678
-3.323582444254835,-0.7141689786081562,-2.686579231660529
-3.0846412598576425,-0.9659872367044932,-1.9470488302709898
-3.8224553521147415,0.10292411674264945,-3.7162631110159468
-3.5835141677175484,-0.1488941413536875,-2.9767327096264076
-0.6918033752421118,-5.512157479672183,1.8839938718142157
-1.1906762831020181,-4.695064384321377,0.8543099924587976
-0.9517350987048252,-4.946882642417714,1.5938403938483365
-1.6895491909619242,-3.8779712889705715,-0.1753738868966206
-1.4506080065647313,-4.129789547066909,0.5641565144929185
-1.2116668221675386,-4.381607805163245,1.3036869158824573
-2.427363283219023,-2.8090599355234294,-1.944588167641578
-2.1884220988218304,-3.060878193619766,-1.2050577662520388
-1.9494809144246377,-3.312696451716103,-0.4655273648624997
-2.926236191078929,-1.9919668401726238,-2.9742720469969957
-2.6872950066817363,-2.243785098268961,-2.234741645607457
-2.4483538222845436,-2.4956033563652977,-1.4952112442179177
-3.4251090989388357,-1.1748737448218183,-4.003955926352414
-3.1861679145416426,-1.4266920029181551,-3.264425524962875
-2.94722673014445,-1.678510261014492,-2.524895123573336
-3.6850408224015494,-0.6095989075673495,-4.294109404318293
-1.7194339791025672,0.6546726778398738,4.354954087901554
-2.2183068869624734,1.4717657731906792,3.3252702085461356
-1.9793657025652804,1.2199475150943422,4.064800609935674
-2.7171797948223797,2.288858868541485,2.295586329190717
-2.478238610425187,2.037040610445148,3.035116730580256
-2.239297426027994,1.7852223523488107,3.774647131969795
-3.4549938870794787,3.3577702219886274,0.5263720484457598
-3.216052702682286,3.1059519638922906,1.2659024498352989
-2.9771115182850934,2.8541337057959537,2.005432851224838
-1.5820194493893747,-0.057850346470125436,3.7771077945992073
-2.319833541646474,1.011061006977017,2.0078935138542504
-2.0808923572492812,0.7592427488806801,2.7474239152437896
-1.8419511728520883,0.5074244907843432,3.4869543166333283
-2.81870644950638,1.8281541023278227,0.978209634498832
-2.579765265109187,1.5763358442314859,1.717740035888371
-2.3408240807119944,1.3245175861351488,2.45727043727791
-3.3175793573662857,2.645247197678628,-0.05147424485658614
-3.078638172969093,2.393428939582291,0.6880561565329529
-2.8396969885719003,2.1416106814859543,1.427586557922492
-1.1846731962134687,-1.3356482080345933,3.48941497926274
-1.683546104073375,-0.5185551126837877,2.459731099907322
-1.444604919676182,-0.7703733707801247,3.199261501296861
-2.182419011933281,0.2985379826670178,1.4300472205519037
-1.9434778275360882,0.046719724570680854,2.1695776219414427
-1.7045366431388953,-0.2050985335256561,2.909108023330982
-2.92023310419038,1.3674493361141602,-0.33916706019305354
-2.6812919197931873,1.1156310780178234,0.40036334119648553
-2.4423507353959946,0.8638128199214864,1.1398937425860245
-3.4191060120502863,2.184542431464966,-1.3688509395484716
-3.1801648276530936,1.9327241733686291,-0.6293205381589326
-2.941223643255901,1.680905915272292,0.11020986323060644
-1.047258666500276,-2.0481712323445924,2.9115686859603933
-1.7850727587573751,-0.97925987889745,1.1423544052154364
-1.5461315743601824,-1.231078136993787,1.8818848066049756
-1.3071903899629895,-1.482896395090124,2.6214152079945143
-2.2839456666172815,-0.1621667835466445,0.11267052586001824
-2.045004482220089,-0.41398504164298144,0.8522009272495573
-1.806063297822896,-0.6658032997393184,1.5917313286390964
-2.7828185744771874,0.654926311804161,-0.9170133534953999
-2.5438773900799947,0.4031080537078241,-0.17748295210586085
-2.304936205682802,0.15128979561148714,0.5620474492836782
-3.2816914823370933,1.4720194071549666,-1.946697232850818
-3.0427502979399006,1.2202011490586298,-1.207166831461279
-0.6499124133243701,-3.3259690939090607,2.6238758706239262
-1.1487853211842762,-2.5088759985582545,1.594191991268508
-0.9098441367870835,-2.760694256654592,2.3337223926580473
-1.6476582290441826,-1.6917829032074492,0.56450811191309
-1.4087170446469899,-1.9436011613037862,1.304038513302629
-1.169775860249797,-2.1954194194001233,2.043568914692168
-2.385472321301281,-0.6228715497603068,-1.2047061688318672
-2.1465311369040885,-0.8746898078566437,-0.46517576744232814
-1.9075899525068958,-1.1265080659529807,0.27435463394721094
-2.8843452291611875,0.19422154559049876,-2.2343900481872856
-2.645404044763995,-0.0575967125058382,-1.4948596467977464
-2.406462860366802,-0.30941497060217515,-0.7553292454082072
-3.3832181370210943,1.0113146409413045,-3.2640739275427033
-3.144276952623901,0.7594963828449675,-2.524543526153164
-2.9053357682267085,0.5076781247486305,-1.7850131247636254
-0.5124978836111775,-4.03849211821906,2.0460295773215798
-1.2503119758682766,-2.969580764771917,0.27681529657662274
-1.0113707914710837,-3.221399022868254,1.0163456979661618
-0.772429607073891,-3.473217280964591,1.7558760993557008
-1.7491848837281827,-2.1524876694211117,-0.7528685827787954
-1.51024369933099,-2.4043059275174485,-0.013338181389256354
-1.2713025149337973,-2.656124185613786,0.7261922200002827
-2.248057791588089,-1.3353945740703064,-1.7825524621342135
-2.0091166071908964,-1.5872128321666432,-1.0430220607446745
-1.7701754227937037,-1.83903109026298,-0.30349165935513545
-2.9858718838451876,-0.26648322062316365,-3.551766742879171
-2.746930699447995,-0.5183014787195006,-2.8122363414896316
-2.5079895150508023,-0.7701197368158376,-2.072705940100093
-3.2458036073079013,0.29879161663130505,-3.84192022084505
-3.006862422910708,0.04697335853496809,-3.102389819455511
-0.11515163043527132,-5.3162899797835275,1.7583367619851127
-0.6140245382951776,-4.499196884432721,0.7286528826296945
-0.37508335389798475,-4.7510151425290585,1.4681832840192335
-1.1128974461550838,-3.682103789081916,-0.30103099672572375
-0.873956261757891,-3.9339220471782532,0.4384994046638153
-0.6350150773606982,-4.18574030527459,1.1780298060533543
-1.8507115384121826,-2.6131924356347738,-2.070245277470681
-1.61177035401499,-2.8650106937311106,-1.3307148760811418
-1.3728291696177972,-3.1168289518274475,-0.5911844746916027
-2.3495844462720887,-1.7960993402839682,-3.099929156826099
-2.110643261874896,-2.0479175983803053,-2.36039875543656
-1.8717020774777033,-2.299735856476642,-1.6208683540470208
-2.8484573541319955,-0.9790062449331626,-4.129613036181517
-2.6095161697348024,-1.2308245030294995,-3.390082634791978
-2.3705749853376097,-1.4826427611258364,-2.650552233402439
-3.1083890775947083,-0.4137314076786939,-4.419766514147396
-0.9957528799287036,0.9204597382961023,4.216370640903156
-1.49462578778861,1.7375528336469077,3.1866867615477386
-1.255684603391417,1.4857345755505706,3.9262171629372773
-1.993498695648516,2.5546459289977137,2.15700288219232
-1.7545575112513232,2.302827670901377,2.896533283581859
-1.5156163268541303,2.0510094128050396,3.636063684971398
-2.731312787905615,3.623557282444856,0.3877886014473627
-2.4923716035084222,3.371739024348519,1.1273190028369018
-2.2534304191112295,3.119920766252182,1.866849404226441
-0.8583383502155109,0.20793671398610325,3.63852434760081
-1.59615244247261,1.2768480674332459,1.8693100668558529
-1.357211258075417,1.0250298093369088,2.6088404682453916
-1.1182700736782243,0.7732115512405718,3.348370869634931
-2.095025350332516,2.093941162784051,0.8396261875004347
-1.8560841659353233,1.8421229046877143,1.579156588889974
-1.6171429815381306,1.5903046465913773,2.318686990279513
-2.593898258192422,2.911034258134857,-0.19005769185498345
-2.3549570737952292,2.65921600003852,0.5494727095345556
-2.1160158893980365,2.4073977419421833,1.2890031109240947
-0.46099209703960486,-1.0698611475783646,3.3508315322643427
-0.9598650048995111,-0.25276805222755905,2.3211476529089246
-0.7209238205023183,-0.504586310323896,3.0606780542984637
-1.4587379127594173,0.5643250431232465,1.2914637735535064
-1.2197967283622244,0.31250678502690954,2.0309941749430456
-0.9808555439650317,0.060688526930572584,2.7705245763325843
-2.196552005016516,1.633236396570389,-0.47775050719145074
-1.9576108206193235,1.381418138474052,0.26177989419808834
-1.7186696362221308,1.129599880377715,1.0013102955876274
-2.6954249128764225,2.4503294919211944,-1.507434386546869
-2.45648372847923,2.1985112338248576,-0.7679039851573298
-2.217542544082037,1.9466929757285207,-0.028373583767790755
-0.3235775673264123,-1.782384171888364,2.7729852389619962
-1.0613916595835113,-0.7134728184412213,1.0037709582170393
-0.8224504751863185,-0.9652910765375583,1.7433013596065783
-0.5835092907891257,-1.2171093346338953,2.4828317609961172
-1.5602645674434175,0.1036202769095842,-0.025912921138378953
-1.3213233830462248,-0.14819798118675276,0.7136174802511601
-1.0823821986490318,-0.4000162392830897,1.453147881640699
-2.0591374753033236,0.9207133722603897,-1.055596800493797
-1.8201962909061309,0.6688951141640528,-0.31606639910425804
-1.5812551065089382,0.41707685606771583,0.423464002285281
-2.5580103831632295,1.7378064676111953,-2.085280679849215
-2.319069198766037,1.4859882095148582,-1.3457502784596762
0.0737686858494937,-3.060182033452832,2.485292423625529
-0.42510422201041254,-2.2430889381020265,1.455608544270111
-0.18616303761321973,-2.4949071961983633,2.19513894565965
-0.9239771298703188,-1.4259958427512207,0.42592466491469283
-0.685035945473126,-1.6778141008475576,1.165455066304232
-0.44609476107593315,-1.9296323589438944,1.9049854676937708
-1.6617912221274176,-0.3570844893040781,-1.3432896158302645
-1.422850037730225,-0.6089027474004151,-0.6037592144407253
-1.1839088533330322,-0.860721005496752,0.13577118694881374
-2.1606641299873237,0.46000860604672744,-2.3729734951856827
-1.921722945590131,0.2081903479503905,-1.6334430937961435
-1.6827817611929383,-0.04362791014594647,-0.8939126924066044
-2.65953703784723,1.277101701397533,-3.402657374541101
-2.4205958534500374,1.0252834433011961,-2.6631269731515617
-2.1816546690528447,0.7734651852048592,-1.9235965717620225
0.21118321556268627,-3.772705057762831,1.9074461303231827
-0.5266308766944128,-2.703793704315688,0.13823184957822554
-0.28768969229721997,-2.955611962412025,0.8777622509677646
-0.04874850790002716,-3.2074302205083622,1.6172926523573037
-1.025503784554319,-1.8867006089648828,-0.8914520297771926
-0.7865626001571262,-2.1385188670612196,-0.15192162838765355
-0.5476214157599334,-2.390337125157557,0.5876087730018855
-1.524376692414225,-1.0696075136140775,-1.921135909132611
-1.2854355080170323,-1.3214257717104143,-1.1816055077430718
-1.0464943236198396,-1.5732440298067512,-0.44207510635353275
-2.262190784671324,-0.000696160166934745,-3.690350189877568
-2.023249600274131,-0.2525144182632717,-2.9508197884880287
-1.7843084158769384,-0.5043326763596087,-2.21128938709849
-2.5221225081340375,0.564578677087534,-3.980503667843447
-2.283181323736845,0.312760418991197,-3.240973266453908
0.6085294687385925,-5.0505029193272994,1.6197533149867156
0.10965656087868625,-4.233409823976493,0.5900694356312974
0.34859774527587906,-4.4852280820728305,1.3295998370208364
-0.38921634698121993,-3.4163167286256875,-0.43961444372412084
-0.15027516258402718,-3.6681349867220243,0.29991595766541823
0.08866602181316563,-3.9199532448183616,1.0394463590549572
-1.1270304392383188,-2.3474053751785453,-2.208828724469078
-0.8880892548411261,-2.599223633274882,-1.469298323079539
-0.6491480704439334,-2.851041891371219,-0.7297679216899998
-1.625903347098225,-1.5303122798277398,-3.2385126038244962
-1.3869621627010322,-1.7821305379240768,-2.498982202434957
-1.1480209783038395,-2.0339487960204137,-1.7594518010454179
-2.1247762549581313,-0.7132191844769341,-4.268196483179914
-1.8858350705609386,-0.9650374425732711,-3.5286660817903757
-1.6468938861637457,-1.216855700669608,-2.7891356804008365
-2.3847079784208445,-0.1479443472224654,-4.558349961145794
-0.4191011351218634,1.1163272381847582,4.090713531074053
-0.9179740429817697,1.9334203335355638,3.061029651718635
-0.6790328585845768,1.6816020754392267,3.8005600531081742
-1.416846950841676,2.7505134288863693,2.0313457723632173
-1.177905766444483,2.4986951707900324,2.7708761737527565
-0.9389645820472903,2.246876912693695,3.5104065751422953
-2.1546610430987747,3.819424782333512,0.2621314916182601
-1.915719858701582,3.567606524237175,1.0016618930077992
-1.6767786743043893,3.315788266140838,1.7411922943973384
-0.28168660540867085,0.40380421387475895,3.512867237771707
-1.01950069766577,1.4727155673219015,1.7436529570267503
-0.7805595132685771,1.2208973092255644,2.483183358416289
-0.5416183288713843,0.9690790511292274,3.222713759805828
-1.518373605525676,2.2898086626727068,0.7139690776713319
-1.2794324211284833,2.03799040457637,1.4534994790608708
-1.0404912367312904,1.7861721464800329,2.19302988045041
-2.017246513385582,3.1069017580235125,-0.3157148016840863
-1.7783053289883894,2.8550834999271757,0.4238155997054528
-1.5393641445911967,2.603265241830839,1.1633460010949919
0.11565964776723514,-0.8739936476897089,3.2251744224352397
-0.3832132600926711,-0.05690055233890334,2.1954905430798215
-0.14427207569547829,-0.3087188104352403,2.9350209444693607
-0.8820861679525773,0.7601925430119022,1.1658066637244036
-0.6431449835553845,0.5083742849155652,1.9053370651139425
-0.4042037991581917,0.2565560268192283,2.6448674665034817
-1.6199002602096761,1.8291038964590447,-0.6034076170205537
-1.3809590758124834,1.5772856383627079,0.1361227843689854
-1.1420178914152908,1.325467380266371,0.8756531857585245
-2.1187731680695823,2.64619699180985,-1.6330914963759717
-1.8798319836723896,2.394378733713513,-0.8935610949864328
-1.6408907992751969,2.1425604756171763,-0.1540306935968937
0.2530741774804278,-1.5865166719997081,2.6473281291328936
-0.48473991477667117,-0.5176053185525656,0.8781138483879363
-0.24579873037947841,-0.7694235766489026,1.6176442497774755
-0.006857545982285607,-1.0212418347452394,2.357174651167014
-0.9836128226365773,0.2994877767982399,-0.15157003096748187
-0.7446716382393845,0.047669518701902946,0.5879603704220572
-0.5057304538421918,-0.204148739394434,1.3274907718115962
-1.4824857304964834,1.1165808721490453,-1.1812539103229
-1.2435445460992907,0.8647626140527085,-0.441723508933361
-1.004603361702098,0.6129443559563715,0.2978068924561781
-1.9813586383563897,1.933673967499851,-2.210937789678318
-1.742417453959197,1.6818557094035143,-1.471407388288779
0.6504204306563339,-2.864314533564176,2.359635313796426
0.1515475227964277,-2.0472214382133704,1.329951434441008
0.3904887071936205,-2.2990396963097073,2.069481835830547
-0.3473253850634785,-1.230128342862565,0.3002675550855899
-0.10838420066628573,-1.481946600958902,1.039797956475129
0.13055698373090707,-1.7337648590552388,1.779328357864668
-1.0851394773205774,-0.1612169894154224,-1.4689467256593673
-0.8461982929233847,-0.41303524751175935,-0.7294163242698283
-0.607257108526192,-0.6648535056080963,0.010114077119710796
-1.5840123851804835,0.6558761059353831,-2.4986306050147853
-1.3450712007832908,0.4040578478390462,-1.7591002036252466
-1.106130016386098,0.15223958974270924,-1.0195698022357074
-2.08288529304039,1.4729692012861888,-3.5283144843702035
-1.8439441086431971,1.2211509431898517,-2.7887840829806647
-1.6050029242460042,0.9693326850935149,-2.0492536815911255
0.7878349603695265,-3.5768375578741756,1.7817890204940798
0.05002086811242751,-2.5079262044270325,0.01257473974912271
0.28896205250962026,-2.7597444625233694,0.7521051411386618
0.5279032369068131,-3.0115627206197066,1.4916355425282006
-0.44885203974747867,-1.6908331090762272,-1.0171091396062955
-0.20991085535028592,-1.942651367172564,-0.2775787382167564
0.029030329046906833,-2.1944696252689013,0.4619516631727827
-0.9477249476073848,-0.8737400137254218,-2.0467930189617136
-0.7087837632101921,-1.1255582718217587,-1.3072626175721744
-0.46984257881299935,-1.3773765299180956,-0.5677322161826354
-1.6855390398644838,0.19517133972172085,-3.816007299706671
-1.446597855467291,-0.056646918374616106,-3.076476898317132
-1.2076566710700982,-0.30846517647095306,-2.3369464969275926
-1.9454707633271973,0.7604461769761895,-4.1061607776725495
-1.7065295789300046,0.5086279188798526,-3.3666303762830108
1.1851812135454325,-4.854635419438643,1.4940962051576125
0.6863083056855264,-4.037542324087837,0.4644123258021946
0.9252494900827191,-4.289360582184174,1.2039427271917336
0.18743539782562013,-3.2204492287370314,-0.5652715535532234
0.4263765822228129,-3.4722674868333687,0.17425884783631562
0.6653177666200056,-3.7240857449297056,0.9137892492258546
-0.5503786944314788,-2.1515378752898893,-2.3344858342981807
-0.31143751003428605,-2.403356133386226,-1.5949554329086417
-0.0724963256370933,-2.655174391482563,-0.8554250315191027
-1.0492516022913851,-1.3344447799390837,-3.364169713653599
-0.8103104178941922,-1.5862630380354208,-2.62463931226406
-0.5713692334969995,-1.8380812961317576,-1.885108910874521
-1.5481245101512913,-0.5173516845882781,-4.393853593009017
-1.3091833257540983,-0.769169942684615,-3.6543231916194783
-1.0702421413569057,-1.0209882007809519,-2.914792790229939
-1.8080562336140047,0.04792315266619063,-4.684007070974896
0.30457996405200044,1.3821142986409867,3.952130084075656
-0.19429294380790585,2.1992073939917924,2.922446204720238
0.04464824058928696,1.9473891358954551,3.661976606109777
-0.6931658516678121,3.016300489342598,1.8927623253648198
-0.4542246672706193,2.7644822312462614,2.632292726754359
-0.21528348287342647,2.512663973149924,3.371823128143898
-1.430979943924911,4.08521184278974,0.12354804461986268
-1.1920387595277182,3.8333935846934035,0.8630784460094018
-0.9530975751305255,3.5815753265970667,1.6026088473989408
0.44199449376519306,0.6695912743309876,3.37428379077331
-0.2958195984919059,1.7385026277781304,1.6050695100283527
-0.05687841409471317,1.4866843696817933,2.344599911417892
0.18206277030247964,1.2348661115854562,3.0841303128074307
-0.7946925063518121,2.5555957231289357,0.5753856306729346
-0.5557513219546193,2.303777465032599,1.3149160320624738
-0.3168101375574266,2.051959206936262,2.0544464334520125
-1.2935654142117183,3.3726888184797414,-0.4542982486824836
-1.0546242298145256,3.1208705603834046,0.2852321527070555
-0.8156830454173329,2.8690523022870678,1.0247625540965946
0.8393407469410992,-0.6082065872334802,3.0865909754368426
0.3404678390811929,0.20888650811732534,2.0569070960814244
0.5794090234783857,-0.04293174997901161,2.7964374974709636
-0.1584050687787133,1.025979603468131,1.0272232167260062
0.08053611561847945,0.7741613453717939,1.7667536181155454
0.31947730001567226,0.522343087275457,2.5062840195050846
-0.8962191610358121,2.094890956915273,-0.7419910640189509
-0.6572779766386194,1.8430726988189363,-0.002460662629411803
-0.41833679224142667,1.5912544407225995,0.7370697387601273
-1.3950920688957185,2.911984052266079,-1.771674943374369
-1.1561508844985255,2.660165794169742,-1.03214454198483
-0.9172097001013328,2.4083475360734052,-0.2926141405952909
0.9767552766542917,-1.3207296115434795,2.508744682134496
0.23894118439719275,-0.25181825809633696,0.7395304013895391
0.4778823687943855,-0.5036365161926739,1.4790608027790781
0.7168235531915783,-0.7554547742890109,2.218591204168617
-0.2599317234627134,0.5652748372544686,-0.2901534779658791
-0.020990539065520675,0.31345657915813163,0.44937692342366
0.21795064533167208,0.061638321061794676,1.188907324813199
-0.7588046313226195,1.3823679326052742,-1.3198373573212971
-0.5198634469254269,1.1305496745089372,-0.5803069559317582
-0.2809222625282341,0.8787314164126002,0.1592234454577809
-1.257677539182526,2.1994610279560796,-2.3495212366767153
-1.018736354785333,1.9476427698597427,-1.6099908352871763
1.3741015298301977,-2.5985274731079473,2.221051866798029
0.8752286219702916,-1.7814343777571418,1.1913679874426109
1.1141698063674843,-2.033252635853479,1.9308983888321498
0.3763557141103854,-0.9643412824063362,0.1616841080871927
0.6152968985075782,-1.216159540502673,0.9012145094767318
0.8542380829047709,-1.4679777985990101,1.6407449108662706
-0.36145837814671355,0.10457007104080629,-1.6075301726577647
-0.1225171937495208,-0.14724818705553067,-0.8679997712682255
0.11642399064767195,-0.3990664451518676,-0.1284693698786864
-0.8603312860066197,0.9216631663916118,-2.6372140520131824
-0.621390101609427,0.6698449082952749,-1.8976836506236436
-0.38244891721223423,0.4180266501989379,-1.1581532492341045
-1.359204193866526,1.7387562617424175,-3.6668979313686005
-1.1202630094693333,1.4869380036460806,-2.927367529979062
-0.8813218250721404,1.2351197455497436,-2.1878371285895226
1.5115160595433905,-3.3110504974179467,1.6432055734956825
0.7737019672862915,-2.242139143970804,-0.1260087072492746
1.0126431516834842,-2.4939574020671413,0.6135216941402645
1.2515843360806769,-2.745775660163478,1.3530520955298035
0.27482905942638525,-1.4250460486199985,-1.1556925866046928
0.513770243823578,-1.6768643067163356,-0.4161621852151537
0.7527114282207708,-1.9286825648126724,0.3233682161743854
-0.22404384843352093,-0.607952953269193,-2.185376465960111
0.01489733596367182,-0.8597712113655299,-1.445846064570572
0.2538385203608646,-1.1115894694618669,-0.7063156631810329
-0.9618579406906199,0.46095840017794953,-3.954590746705068
-0.7229167562934271,0.20914014208161258,-3.2150603453155293
-0.48397557189623436,-0.04267811601472438,-2.47552994392599
-1.2217896641533335,1.0262332374324181,-4.2447442246709475
-0.9828484797561405,0.7744149793360813,-3.505213823281408
1.9088623127192965,-4.588848358982414,1.3555127581592155
1.4099894048593904,-3.7717552636316087,0.3258288788037973
1.648930589256583,-4.023573521727946,1.0653592801933363
0.911116496999484,-2.954662168280803,-0.703855000551621
1.1500576813966767,-3.20648042637714,0.03567540083791809
1.3889988657938697,-3.458298684473477,0.775205802227457
0.17330240474238512,-1.8857508148336608,-2.473069281296578
0.41224358913957787,-2.1375690729299976,-1.733538879907039
0.6511847735367706,-2.3893873310263345,-0.9940084785175
-0.32557050311752106,-1.0686577194828553,-3.502753160651996
-0.08662931872032831,-1.3204759775791923,-2.763222759262457
0.15231186567686444,-1.5722942356755292,-2.023692357872918
-0.8244434109774272,-0.2515646241320496,-4.532437040007414
-0.5855022265802345,-0.5033828822283866,-3.7929066386178754
-0.34656104218304173,-0.7552011403247235,-3.053376237228336
-1.0843751344401407,0.3137102131224191,-4.8225905179732935
-0.5077233896333007,0.5095777130110747,-4.948247627802396
1.0282610632258644,1.6479013590972151,3.813546637077259
0.5293881553659581,2.4649944544480205,2.783862757721841
0.768329339763151,2.2131761963516836,3.5233931591113796
0.030515247506051946,3.282087549798826,1.7541788783664227
0.2694564319032447,3.0302692917024894,2.4937092797559615
0.5083976163004376,2.778451033606152,3.2332396811455006
-0.707298844751047,4.350998903245969,-0.015035402378534624
-0.46835766035385423,4.099180645149632,0.7244949990110044
-0.22941647595666148,3.847362387053295,1.4640254004005435
1.165675592939057,0.9353783347872163,3.2357003437749126
0.427861500681958,2.004289688234359,1.4664860630299554
0.6668026850791507,1.7524714301380218,2.2060164644194944
0.9057438694763436,1.5006531720416847,2.9455468658090336
-0.07101140717794818,2.8213827835851646,0.43680218367453727
0.16792977721924457,2.5695645254888277,1.1763325850640762
0.4068709616164373,2.317746267392491,1.9158629864536154
-0.5698843150378543,3.63847587893597,-0.5928816956808809
-0.3309431306406616,3.386657620839633,0.14664870570865818
-0.09200194624346886,3.134839362743296,0.8861791070981972
1.563021846114963,-0.3424195267772515,2.9480075284384455
1.0641489382550566,0.47467356857355403,1.9183236490830273
1.3030901226522495,0.22285531047721707,2.657854050472566
0.5652760303951505,1.2917666639243595,0.8886397697276092
0.8042172147923433,1.0399484058280226,1.6281701711171483
1.0431583991895361,0.7881301477316857,2.367700572506687
-0.17253806186194837,2.360678017371502,-0.8805745110173481
0.06640312253524439,2.1088597592751652,-0.141044109627809
0.30534430693243714,1.8570415011788284,0.5984862917617301
-0.6714109697218545,3.177771112722308,-1.9102583903727663
-0.4324697853246618,2.9259528546259705,-1.1707279889832272
-0.19352860092746904,2.6741345965296337,-0.4311975875936881
1.7004363758281555,-1.0549425510872508,2.370161235136099
0.9626222835710567,0.01396880235989173,0.6009469543911419
1.2015634679682494,-0.23784945573644523,1.3404773557806808
1.4405046523654423,-0.4896677138327822,2.08000775717022
0.4637493757111505,0.8310618977106973,-0.4287369249642763
0.7026905601083433,0.5792436396143603,0.3107934764252628
0.941631744505536,0.32742538151802336,1.0503238778148019
-0.03512353214875569,1.6481549930615027,-1.4584208043196945
0.20381765224843706,1.3963367349651659,-0.7188904029301554
0.4427588366456298,1.144518476868829,0.02063999845938369
-0.5339964400086619,2.4652480884123085,-2.488104683675113
-0.2950552556114691,2.2134298303159716,-1.7485742822855737
2.0977826290040618,-2.332740412651719,2.082468419799632
1.5989097211441554,-1.515647317300913,1.0527845404442138
1.8378509055413483,-1.76746557539725,1.7923149418337525
1.1000368132842493,-0.6985542219501075,0.023100661088795493
1.3389779976814422,-0.9503724800464445,0.7626310624783346
1.577919182078635,-1.2021907381427814,1.5021614638678735
0.3622227210271504,0.370357131497035,-1.7461136196561617
0.6011639054243432,0.11853887340069802,-1.0065832182666226
0.8401050898215359,-0.13327938469563894,-0.2670528168770835
-0.13665018683275576,1.1874502268478406,-2.77579749901158
0.10229099756443699,0.9356319687515036,-2.0362670976220407
0.34123218196162974,0.6838137106551666,-1.2967366962325018
-0.635523094692662,2.0045433221986464,-3.805481378366998
-0.3965819102954692,1.7527250641023093,-3.065950976977459
-0.15764072589827643,1.5009068060059723,-2.32642057558792
2.2351971587172543,-3.0452634369617178,1.5046221264972852
1.4973830664601553,-1.9763520835145751,-0.264592154247672
1.736324250857348,-2.2281703416109124,0.47493824714186705
1.975265435254541,-2.4799885997072493,1.214468648531406
0.9985101586002492,-1.1592589881637698,-1.29427603360309
1.2374513429974419,-1.4110772462601067,-0.554745632213551
1.4763925273946348,-1.6628955043564437,0.18478476917598807
0.499637250740343,-0.3421658928129643,-2.3239599129585082
0.7385784351375357,-0.5939841509093012,-1.584429511568969
0.9775196195347284,-0.8458024090056382,-0.84489911017943
-0.238176841516756,0.7267454606341782,-4.093174193703465
0.000764342880436808,0.47492720253784126,-3.3536437923139264
0.23970552727762956,0.2231089444415043,-2.614113390924387
-0.4981085649794694,1.292020297888647,-4.383327671669345
-0.2591673805822766,1.04020203979231,-3.643797270279806
2.6325434118931605,-4.323061298526186,1.216929311160818
2.133670504033254,-3.50596820317538,0.1872454318054
2.372611688430447,-3.757786461271717,0.926775833194939
1.6347975961733479,-2.6888751078245745,-0.8424384475500181
1.8737387805705406,-2.940693365920912,-0.102908046160479
2.1126799649677332,-3.1925116240172486,0.63662235522906
0.896983503916249,-1.619963754377432,-2.6116527282949753
1.1359246883134417,-1.871782012473769,-1.8721223269054363
1.3748658727106344,-2.123600270570106,-1.1325919255158974
0.3981105960563428,-0.8028706590266264,-3.641336607650394
0.6370517804535356,-1.0546889171229634,-2.9018062062608547
0.8759929648507283,-1.3065071752193003,-2.1622758048713155
-0.10076231180356343,0.014222436324179077,-4.671020487005812
0.13817887259362938,-0.23759582177215788,-3.9314900856162724
0.37712005699082213,-0.48941407986849483,-3.1919596842267337
-0.36069403526627686,0.5794972735786478,-4.961173964971691
1.6049128080327044,1.8437688589858712,3.687889527248156
1.106039900172798,2.660861954336677,2.6582056478927383
1.344981084569991,2.4090436962403396,3.397736049282277
0.607166992312892,3.4779550496874827,1.6285217685373197
0.8461081767100848,3.226136791591146,2.368052169926859
1.0850493611072776,2.9743185334948086,3.1075825713163976
-0.13064709994420692,4.546866403134626,-0.14069251220763745
0.10829408445298583,4.2950481450382885,0.5988378891819016
0.3472352688501786,4.043229886941951,1.3383682905714407
1.7423273377458972,1.1312458346758718,3.1100432339458095
1.0045132454887982,2.2001571881230144,1.3408289532008526
1.243454429885991,1.9483389300266774,2.080359354590392
1.4823956142831838,1.6965206719303403,2.8198897559799305
0.505640337628892,3.01725028347382,0.31114507384543444
0.7445815220260847,2.7654320253774833,1.0506754752349736
0.9835227064232775,2.5136137672811465,1.7902058766245126
0.0067674297689858665,3.8343433788246255,-0.7185388055099837
0.24570861416617862,3.5825251207282887,0.020991595879555347
0.48464979856337137,3.330706862631952,0.7605219972690944
2.139673590921803,-0.1465520268885958,2.8223504186093424
1.6408006830618969,0.6705410684622097,1.7926665392539243
1.8797418674590898,0.4187228103658728,2.5321969406434635
1.1419277752019907,1.4876341638130155,0.7629826598985062
1.3808689595991837,1.2358159057166784,1.5025130612880453
1.6198101439963764,0.9839976476203415,2.242043462677584
0.40411368294489186,2.5565455172601577,-1.006231620846451
0.6430548673420846,2.304727259163821,-0.26670121945691194
0.8819960517392773,2.052909001067484,0.47282918193262713
-0.09475922491501432,3.3736386126109634,-2.0359155002018694
0.14418195948217843,3.1218203545146266,-1.2963850988123302
0.3831231438793712,2.8700020964182897,-0.556854697422791
2.2770881206349958,-0.8590750511985951,2.244504125306996
1.5392740283778967,0.20983630224854743,0.47528984456203893
1.7782152127750894,-0.04198195584778952,1.214820245951578
2.0171563971722826,-0.2938002139441265,1.954350647341117
1.0404011205179906,1.026929397599353,-0.5543940347933792
1.2793423049151833,0.775111139503016,0.18513636659615984
1.5182834893123762,0.5232928814066791,0.9246667679856989
0.5415282126580845,1.8440224929501583,-1.5840779141487973
0.7804693970552772,1.5922042348538215,-0.8445475127592583
1.0194105814524699,1.3403859767574846,-0.10501711136971925
0.04265530479817825,2.661115588300964,-2.6137617935042154
0.281596489195371,2.409297330204627,-1.8742313921146767
2.674434373810902,-2.136872912763063,1.9568113099705289
2.1755614659509956,-1.3197798174122575,0.9271274306151107
2.4145026503481883,-1.5715980755085943,1.6666578320046497
1.6766885580910893,-0.5026867220614518,-0.10255644874030745
1.915629742488282,-0.7545049801577888,0.6369739526492316
2.1545709268854747,-1.0063232382541258,1.3765043540387705
0.9388744658339905,0.5662246313856907,-1.8717707294852648
1.1778156502311832,0.3144063732893537,-1.1322403280957256
1.4167568346283759,0.06258811519301677,-0.39270992670618654
0.44000155797408425,1.3833177267364962,-2.901454608840683
0.678942742371277,1.1314994686401594,-2.1619242074511438
0.9178839267684697,0.8796812105438223,-1.4223938060616046
-0.05887134988582199,2.200410822087302,-3.931138488196101
0.18006983451137082,1.948592563990965,-3.191608086806562
0.41901101890856357,1.6967743058946279,-2.4520776854170228
2.811848903524094,-2.849395937073062,1.3789650166681824
2.0740348112669955,-1.7804845836259195,-0.3902492640767746
2.312975995664188,-2.032302841722257,0.34928113731276444
2.551917180061381,-2.2841210998185937,1.0888115387023034
1.5751619034070892,-0.9633914882751141,-1.419933143432193
1.8141030878042819,-1.215209746371451,-0.6804027420426538
2.0530442722014746,-1.467028004467788,0.05912765934688524
1.076288995547183,-0.14629839292430857,-2.4496170227876113
1.3152301799443757,-0.39811665102064553,-1.710086621398072
1.5541713643415684,-0.6499349091169825,-0.970556220008533
0.338474903290084,0.9226129605228339,-4.218831303532568
0.5774160876872768,0.670794702426497,-3.479300902143029
0.8163572720844696,0.41897644433016,-2.7397705007534903
0.07854317982737058,1.4878877977773026,-4.508984781498447
0.3174843642245634,1.2360695396809658,-3.7694543801089084
3.2091951567000008,-4.1271937986375296,1.0912722013317153
2.710322248840094,-3.3101007032867242,0.061588321976297156
2.949263433237287,-3.5619189613830615,0.8011187233658361
2.211449340980188,-2.4930076079359185,-0.9680955573791211
2.450390525377381,-2.7448258660322553,-0.22856515598958205
2.6893317097745735,-2.9966441241285926,0.5109652453999569
1.4736352487230893,-1.4240962544887763,-2.7373098381240784
1.712576433120282,-1.6759145125851131,-1.9977794367345392
1.9515176175174747,-1.92773277068145,-1.258249035345
0.974762340863183,-0.6070031591379708,-3.7669937174794965
1.2137035252603758,-0.8588214172343077,-3.0274633160899573
1.4526447096575685,-1.1106396753306447,-2.287932914700418
0.4758894330032768,0.2100899362128349,-4.796677596834915
0.7148306174004696,-0.04172832188350206,-4.057147195445376
0.9537718017976624,-0.293546579979839,-3.3176167940558368
0.21595770954056337,0.7753647734673036,-5.086831074800793
2.3285939072065682,2.1095559194420996,3.549306080249759
1.8297209993466619,2.926649014792905,2.519622200894341
2.0686621837438546,2.674830756696568,3.25915260228388
1.3308480914867558,3.7437421101437107,1.4899383215389226
1.5697892758839487,3.491923852047374,2.2294687229284618
1.8087304602811414,3.2401055939510366,2.9689991243180005
0.5930339992296569,4.812653463590854,-0.27927595920603454
0.8319751836268496,4.5608352054945165,0.46025444218350453
1.0709163680240423,4.309016947398179,1.1997848435730436
2.4660084369197612,1.3970328951321007,2.9714597869474124
1.728194344662662,2.4659442485792433,1.2022455062024555
1.967135529059855,2.2141259904829065,1.9417759075919945
2.2060767134570476,1.9623077323865692,2.6813063089815334
1.2293214368027559,3.283037343930049,0.17256162684703724
1.4682626211999485,3.0312190858337122,0.9120920282365763
1.7072038055971412,2.7794008277373754,1.6516224296261153
0.7304485289428497,4.100130439280854,-0.8571222525083809
0.9693897133400424,3.8483121811845176,-0.11759185111884185
1.2083308977372351,3.5964939230881807,0.6219385502706972
2.863354690095667,0.11923503356763288,2.6837669716109454
2.3644817822357607,0.9363281289184384,1.6540830922555272
2.6034229666329534,0.6845098708221015,2.3936134936450664
1.8656088743758545,1.753421224269244,0.624399212900109
2.1045500587730475,1.501602966172907,1.3639296142896482
2.34349124317024,1.2497847080765698,2.103460015679187
1.1277947821187557,2.8223325777163866,-1.1448150678448483
1.3667359665159484,2.5705143196200497,-0.40528466645530914
1.6056771509131411,2.318696061523713,0.33424573493422993
0.6289218742588495,3.6394256730671923,-2.1744989472002665
0.8678630586560423,3.387607414970855,-1.4349685458107273
1.106804243053235,3.135789156874518,-0.6954381444211882
3.00076921980886,-0.5932879907423664,2.105920678308599
2.2629551275517605,0.4756233627047761,0.33670639756364174
2.5018963119489532,0.22380510460843916,1.0762367989531807
2.7408374963461464,-0.02801315348789779,1.8157672003427199
1.7640822196918544,1.2927164580555817,-0.6929774817917764
2.0030234040890473,1.0408981999592446,0.04655291959776264
2.24196458848624,0.7890799418629078,0.7860833209873017
1.2652093118319483,2.109809553406387,-1.7226613611471946
1.504150496229141,1.8579912953100504,-0.9831309597576555
1.7430916806263337,1.6061730372137135,-0.24360055836811645
0.7663364039720421,2.926902648757193,-2.7523452405026125
1.0052775883692349,2.6750843906608557,-2.012814839113074
3.398115472984766,-1.8710858523068343,1.8182278629721316
2.899242565124859,-1.0539927569560286,0.7885439836167135
3.138183749522052,-1.3058110150523656,1.5280743850062524
2.400369657264953,-0.23689966160522313,-0.24113989573870465
2.639310841662146,-0.4887179197015601,0.4983905056508344
2.8782520260593385,-0.740536177797897,1.2379209070403734
1.6625555650078543,0.8320116918419194,-2.010354176483662
1.901496749405047,0.5801934337455824,-1.2708237750941227
2.14043793380224,0.32837517564924545,-0.5312933737045836
1.1636826571479482,1.649104787192725,-3.04003805583908
1.4026238415451409,1.3972865290963878,-2.300507654449541
1.6415650259423336,1.145468271000051,-1.560977253060002
0.6648097492880418,2.4661978825435305,-4.069721935194498
0.9037509336852346,2.2143796244471936,-3.3301915338049595
1.1426921180824274,1.9625613663508568,-2.5906611324154203
3.535530002697958,-2.5836088766168337,1.240381569669785
2.7977159104408593,-1.514697523169691,-0.5288327110751722
3.036657094838052,-1.766515781266028,0.21069769031436691
3.275598279235245,-2.0183340393623648,0.9502280917039059
2.298843002580953,-0.6976044278188854,-1.5585165904305902
2.5377841869781457,-0.9494226859152224,-0.8189861890410511
2.7767253713753384,-1.2012409440115595,-0.07945578765151207
1.7999700947210466,0.11948866753192011,-2.5882004697860084
2.0389112791182393,-0.13232959056441684,-1.8486700683964692
2.277852463515432,-0.3841478486607538,-1.10913966700693
1.0621560024639478,1.1884000209790626,-4.357414750530966
1.3010971868611407,0.9365817628827257,-3.617884349141427
1.5400383712583334,0.6847635047863887,-2.878353947751888
0.8022242790012344,1.7536748582335313,-4.647568228496844
1.041165463398427,1.5018566001371942,-3.9080378271073055
3.9328762558738646,-3.8614067381813015,0.9526887543333182
3.434003348013958,-3.0443136428304953,-0.07699512502209993
3.672944532411151,-3.2961319009268326,0.662535276367439
2.9351304401540514,-2.22722054747969,-1.106679004377518
3.174071624551244,-2.4790388055760273,-0.36714860298797913
3.4130128089484373,-2.730857063672364,0.3723817984015598
2.197316347896953,-1.1583091940325478,-2.8758932851224754
2.4362575322941455,-1.4101274521288847,-2.1363628837329363
2.6751987166913382,-1.6619457102252215,-1.396832482343397
1.698443440037047,-0.3412160986817422,-3.9055771644778936
1.9373846244342396,-0.5930343567780791,-3.1660467630883544
2.1763258088314323,-0.8448526148744161,-2.4265163616988152
1.1995705321771404,0.47587699666906336,-4.935261043833312
1.4385117165743333,0.2240587385727264,-4.195730642443773
1.677452900971526,-0.027759519523610554,-3.456200241054234
0.939638808714427,1.0411518339235322,-5.225414521799191
2.9052456520134085,2.3054234193307552,3.423648970420656
2.4063727441535026,3.1225165146815606,2.3939650910652377
2.6453139285506952,2.8706982565852237,3.133495492454777
1.9074998362935962,3.9396096100323663,1.3642812117098195
2.146441020690789,3.6877913519360295,2.1038116130993587
2.385382205087982,3.435973093839692,2.843342014488898
1.1696857440364974,5.008520963479509,-0.4049330690351376
1.40862692843369,4.756702705383172,0.3345973323544015
1.6475681128308828,4.504884447286835,1.0741277337439405
3.0426601817266015,1.5929003950207563,2.84580267711831
2.304846089469502,2.661811748467899,1.0765883963733525
2.5437872738666947,2.409993490371562,1.8161187977628916
2.782728458263888,2.158175232275225,2.5556491991524304
1.805973181609596,3.4789048438187047,0.0469045170179343
2.0449143660067888,3.227086585722368,0.7864349184074734
2.2838555504039815,2.975268327626031,1.5259653197970124
1.30710027374969,4.29599793916951,-0.9827793623374839
1.5460414581468827,4.044179681073173,-0.2432489609479448
1.7849826425440753,3.792361422976836,0.4962814404415943
3.4400064349025072,0.3151025334562886,2.5581098617818423
2.941133527042601,1.132195628807094,1.5284259824264241
3.1800747114397936,0.8803773707107571,2.2679563838159633
2.442260619182695,1.9492887241578996,0.4987421030710061
2.6812018035798877,1.6974704660615625,1.2382725044605452
2.920142987977081,1.4456522079652254,1.9778029058500841
1.704446526925596,3.018200077605042,-1.2704721776739512
1.9433877113227886,2.7663818195087053,-0.5309417762844121
2.1823288957199813,2.5145635614123685,0.208588625105127
1.2055736190656896,3.835293172955848,-2.300156057029369
1.4445148034628825,3.5834749148595106,-1.5606256556398304
1.6834559878600752,3.331656656763174,-0.8210952542502912
3.5774209646157002,-0.3974204908537107,1.9802635684794958
2.8396068723586008,0.6714908625934318,0.2110492877345388
3.0785480567557935,0.41967260449709487,0.9505796891240779
3.3174892411529866,0.16785434640075791,1.6901100905136168
2.3407339644986944,1.4885839579442375,-0.8186345916208794
2.579675148895887,1.2367656998479006,-0.0791041902313403
2.81861633329308,0.9849474417515636,0.6604262111581988
1.8418610566387885,2.305677053295043,-1.8483184709762974
2.080802241035981,2.053858795198706,-1.1087880695867585
2.319743425433174,1.802040537102369,-0.3692576681972194
1.3429881487788822,3.1227701486458486,-2.878002350331716
1.581929333176075,2.8709518905495117,-2.138471948942177
3.974767217791606,-1.6752183524181785,1.6925707531430285
3.4758943099316992,-0.858125257067373,0.6628868737876105
3.7148354943288924,-1.1099435151637098,1.4024172751771493
2.9770214020717933,-0.04103216171656743,-0.3667970055678077
3.215962586468986,-0.2928504198129044,0.3727333958217314
3.4549037708661787,-0.5446686779092413,1.1122637972112703
2.2392073098146947,1.027879191730575,-2.136011286312765
2.4781484942118874,0.7760609336342381,-1.3964808849232258
2.71708967860908,0.5242426755379012,-0.6569504835336867
1.7403344019547884,1.8449722870813805,-3.165695165668183
1.979275586351981,1.5931540289850434,-2.426164764278644
2.218216770749174,1.3413357708887066,-1.686634362889105
1.241461494094882,2.6620653824321865,-4.195379045023602
1.4804026784920747,2.410247124335849,-3.455848643634062
1.7193438628892677,2.1584288662395124,-2.7163182422445233
4.112181747504798,-2.3877413767281777,1.1147244598406822
3.3743676552476995,-1.318830023281035,-0.6544898209042748
3.6133088396448922,-1.5706482813773721,0.0850405804852643
3.8522500240420854,-1.8224665394737092,0.8245709818748033
2.875494747387793,-0.5017369279302297,-1.684173700259693
3.114435931784986,-0.7535551860265667,-0.944643298870154
3.3533771161821786,-1.0053734441229036,-0.2051128974806149
2.376621839527887,0.3153561674205758,-2.7138575796151114
2.6155630239250796,0.06353790932423886,-1.9743271782255722
2.8545042083222723,-0.1882803487720981,-1.234796776836033
1.638807747270788,1.3842675208677182,-4.483071860360068
1.877748931667981,1.1324492627713814,-3.7435414589705296
2.1166901160651737,0.8806310046750444,-3.0040110575809904
1.3788760238080748,1.9495423581221871,-4.773225338325947
1.6178172082052678,1.69772410002585,-4.033694936936408
4.509528000680705,-3.665539238292646,0.8270316445042152
4.010655092820798,-2.8484461429418397,-0.20265223485120298
4.249596277217991,-3.100264401038177,0.536878166538336
3.5117821849608917,-2.0313530475910344,-1.2323361142066211
3.7507233693580844,-2.2831713056873717,-0.4928057128170822
3.9896645537552775,-2.5349895637837085,0.24672468857245677
2.773968092703793,-0.9624416941438919,-3.0015503949515785
3.0129092771009858,-1.2142599522402289,-2.2620199935620393
3.2518504614981785,-1.466078210336566,-1.5224895921725001
2.275095184843887,-0.14534859879308637,-4.031234274306996
2.51403636924108,-0.3971668568894233,-3.2917038729174575
2.7529775536382726,-0.6489851149857603,-2.5521734715279183
1.7762222769839806,0.6717444965577192,-5.060918153662414
2.0151634613811735,0.4199262384613822,-4.321387752272876
2.2541046457783662,0.16810798036504526,-3.5818573508833365
1.516290553521267,1.2370193338121878,-5.351071631628294
3.6289267511872723,2.571210479786984,3.2850655234222588
3.1300538433273664,3.3883035751377895,2.2553816440668406
3.3689950277245595,3.1364853170414526,2.99491204545638
2.63118093546746,4.205396670488595,1.2256977647114224
2.8701221198646527,3.9535784123922584,1.9652281661009616
3.109063304261846,3.701760154295921,2.704758567490501
1.893366843210361,5.274308023935738,-0.5435165160335347
2.1323080276075537,5.022489765839401,0.1960138853560044
2.3712492120047464,4.770671507743064,0.9355442867455435
3.7663412809004653,1.8586874554769848,2.7072192301199123
3.028527188643366,2.9275988089241274,0.9380049493749553
3.2674683730405585,2.67578055082779,1.6775353507644943
3.5064095574377516,2.4239622927314532,2.4170657521540333
2.52965428078346,3.7446919042749327,-0.0916789299804629
2.7685954651806526,3.492873646178596,0.6478514714090762
3.0075366495778453,3.241055388082259,1.3873818727986151
2.030781372923554,4.561784999625739,-1.121362809335881
2.2697225573207467,4.309966741529402,-0.381832407946342
2.5086637417179394,4.058148483433064,0.3576979934431971
4.163687534076371,0.5808895939125175,2.419526414783445
3.6648146262164647,1.397982689263323,1.389842535428027
3.9037558106136574,1.1461644311669859,2.129372936817566
3.165941718356559,2.2150757846141285,0.3601586560726089
3.4048829027537515,1.9632575265177914,1.099689057462148
3.6438240871509446,1.7114392684214543,1.8392194588516868
2.4281276260994598,3.283987138061271,-1.4090556246723485
2.6670688104966525,3.0321688799649342,-0.6695252232828093
2.906009994893845,2.7803506218685974,0.07000517810672979
1.9292547182395534,4.101080233412077,-2.4387395040277666
2.168195902636746,3.8492619753157395,-1.6992091026382274
2.407137087033939,3.5974437172194027,-0.9596787012486884
4.301102063789564,-0.131633430397482,1.8416801214810987
3.5632879715324646,0.9372779230496605,0.0724658407361416
3.8022291559296573,0.6854596649533236,0.8119962421256807
4.04117034032685,0.4336414068569866,1.5515266435152197
3.0644150636725582,1.754371018400466,-0.9572180386192766
3.303356248069751,1.502552760304129,-0.2176876372297375
3.5422974324669436,1.250734502207792,0.5218427641598016
2.5655421558126523,2.5714641137512717,-1.986901917974695
2.804483340209845,2.319645855654935,-1.2473715165851558
3.0434245246070377,2.067827597558598,-0.5078411151956167
2.0666692479527464,3.3885572091020775,-3.016585797330113
2.305610432349939,3.13673895100574,-2.277055395940574
4.69844831696547,-1.4094312919619498,1.5539873061446314
4.199575409105563,-0.5923381966111443,0.5243034267892134
4.438516593502756,-0.8441564547074812,1.2638338281787522
3.700702501245657,0.22475489873966126,-0.5053804525662048
3.93964368564285,-0.027063359356675698,0.2341499488233343
4.1785848700400425,-0.27888161745301265,0.9736803502128732
2.9628884089885585,1.2936662521868039,-2.274594733311162
3.2018295933857512,1.0418479940904668,-1.5350643319216228
3.440770777782944,0.7900297359941298,-0.7955339305320838
2.464015501128652,2.110759347537609,-3.30427861266658
2.702956685525845,1.8589410894412723,-2.564748211277041
2.9418978699230376,1.6071228313449355,-1.825217809887502
1.9651425932687456,2.927852442888415,-4.333962492021998
2.2040837776659385,2.676034184792078,-3.594432090632459
2.4430249620631312,2.424215926695741,-2.8549016892429204
4.835862846678663,-2.121954316271949,0.9761410128422849
4.098048754421564,-1.0530429628248066,-0.7930732679026723
4.336989938818756,-1.3048612209211434,-0.053542866513133225
4.575931123215949,-1.5566794790174805,0.6859875348764057
3.599175846561657,-0.23594986747400104,-1.8227571472580903
3.8381170309588497,-0.487768125570338,-1.0832267458685512
4.077058215356042,-0.739586383666675,-0.3436963444790122
3.1003029387017507,0.5811432278768045,-2.8524410266135085
3.3392441230989434,0.32932496978046755,-2.1129106252239693
3.578185307496136,0.07750671168413059,-1.3733802238344301
2.362488846444652,1.6500545813239471,-4.621655307358465
2.6014300308418448,1.39823632322761,-3.8821249059689267
2.8403712152390375,1.146418065131273,-3.1425945045793875
2.1025571229819384,2.2153294185784156,-4.911808785324345
2.3414983073791316,1.9635111604820787,-4.172278383934806
5.233209099854569,-3.399752177836417,0.6884481975058181
4.734336191994662,-2.582659082485611,-0.34123568184960007
4.973277376391855,-2.834477340581948,0.3982947195399389
4.235463284134756,-1.7655659871348055,-1.3709195612050182
4.474404468531948,-2.017384245231143,-0.6313891598154793
4.713345652929141,-2.2692025033274796,0.10814124157405969
3.497649191877657,-0.6966546336876632,-3.1401338419499756
3.7365903762748496,-0.9484728917840002,-2.4006034405604364
3.9755315606720423,-1.200291149880337,-1.6610730391708972
2.998776284017751,0.12043846166314232,-4.169817721305393
3.2377174684149437,-0.13137979643319464,-3.4302873199158546
3.4766586528121364,-0.3831980545295316,-2.6907569185263154
2.499903376157844,0.9375315570139479,-5.1995016006608115
2.7388445605550373,0.6857132989176109,-4.459971199271273
2.97778574495223,0.43389504082127395,-3.7204407978817335
2.2399716526951305,1.5028063942684167,-5.489655078626691
4.2055784959941125,2.7670779796756397,3.1594084135931557
3.7067055881342066,3.584171075026446,2.1297245342377376
3.9456467725313997,3.3323528169301087,2.8692549356272767
3.2078326802743002,4.40126417037725,1.1000406548823194
3.446773864671493,4.149445912280914,1.8395710562718586
3.685715049068686,3.8976276541845767,2.5791014576613973
2.470018588017201,5.470175523824394,-0.6691736258626377
2.708959772414394,5.218357265728057,0.07035677552690134
2.9479009568115866,4.966539007631719,0.8098871769164404
4.3429930257073055,2.0545549553656404,2.5815621202908092
3.605178933450206,3.123466308812783,0.8123478395458523
3.8441201178473987,2.8716480507164457,1.5518782409353915
4.083061302244592,2.619829792620109,2.2914086423249302
3.1063060255903,3.9405594041635883,-0.21733603980956584
3.345247209987493,3.6887411460672515,0.5221943615799732
3.5841883943846855,3.4369228879709146,1.2617247629695123
2.607433117730394,4.7576524995143945,-1.247019919164984
2.846374302127587,4.505834241418057,-0.5074895177754449
3.0853154865247796,4.25401598332172,0.23204088361409414
4.740339278883211,0.7767570938011731,2.293869304954342
4.241466371023305,1.5938501891519785,1.264185425598924
4.480407555420498,1.3420319310556414,2.003715826988463
3.742593463163399,2.410943284502784,0.23450154624350594
3.9815346475605917,2.159125026406447,0.974031947633045
4.220475831957785,1.90730676831011,1.713562349022584
3.0047793709063,3.4798546379499267,-1.5347127345014513
3.2437205553034927,3.22803637985359,-0.7951823331119122
3.4826617397006854,2.976218121757253,-0.05565193172237315
2.5059064630463936,4.296947733300732,-2.5643966138568697
2.7448476474435863,4.045129475204395,-1.8248662124673305
2.983788831840779,3.7933112171080583,-1.0853358110777913
4.877753808596404,0.0642340694911736,1.7160230116519957
4.139939716339305,1.1331454229383162,-0.053191269092961346
4.3788809007364975,0.8813271648419791,0.6863391322965777
4.617822085133691,0.6295089067456422,1.4258695336861167
3.6410668084793985,1.9502385182891215,-1.0828751484483794
3.880007992876591,1.6984202601927847,-0.3433447470588403
4.118949177273784,1.4466020020964476,0.39618565433069874
3.1421939006194926,2.7673316136399273,-2.1125590278037976
3.3811350850166852,2.5155133555435905,-1.3730286264142586
3.620076269413878,2.2636950974472536,-0.6334982250247195
2.6433209927595867,3.584424708990733,-3.1422429071592157
2.8822621771567793,3.3326064508943958,-2.402712505769677
5.275100061772311,-1.2135637920732942,1.4283301963155284
4.776227153912404,-0.3964706967224887,0.3986463169601102
5.015168338309597,-0.6482889548188256,1.1381767183496492
4.277354246052498,0.42062239862831685,-0.6310375623953078
4.5162954304496905,0.1688041405319799,0.10849283899423123
4.755236614846884,-0.08301411756435706,0.8480232403837702
3.5395401537953988,1.4895337520754595,-2.400251843140265
3.7784813381925915,1.2377154939791224,-1.660721441750726
4.017422522589785,0.9858972358827854,-0.9211910403611868
3.040667245935493,2.306626847426265,-3.4299357224956832
3.2796084303326856,2.054808589329928,-2.690405321106144
3.5185496147298783,1.802990331233591,-1.950874919716605
2.5417943380755865,3.1237199427770705,-4.459619601851101
2.7807355224727797,2.8719016846807337,-3.7200892004615627
3.0196767068699724,2.6200834265843964,-2.9805587990720235
5.412514591485503,-1.9260868163832936,0.8504839030131821
4.674700499228404,-0.857175462936151,-0.9187303777317749
4.913641683625596,-1.1089937210324878,-0.17919997634223583
5.152582868022789,-1.360811979128825,0.5603304250473031
4.175827591368497,-0.040082367585345446,-1.9484142570871932
4.41476877576569,-0.2919006256816824,-1.2088838556976542
4.653709960162883,-0.5437188837780194,-0.46935345430811504
3.676954683508591,0.7770107277654601,-2.9780981364426116
3.9158958679057836,0.5251924696691231,-2.2385677350530724
4.154837052302977,0.2733742115727862,-1.4990373336635332
2.9391405912514923,1.8459220812126027,-4.747312417187569
3.178081775648685,1.5941038231162656,-4.007782015798029
3.4170229600458777,1.3422855650199286,-3.2682516144084905
2.6792088677887786,2.411196918467071,-5.0374658951534474
2.918150052185972,2.1593786603707343,-4.297935493763909
5.809860844661409,-3.2038846779477614,0.562791087676715
5.310987936801502,-2.3867915825969557,-0.4668927916787031
5.549929121198695,-2.6386098406932925,0.27263760971083584
4.812115028941597,-1.56969848724615,-1.4965766710341213
5.051056213338789,-1.821516745342487,-0.7570462696445823
5.289997397735982,-2.073335003438824,-0.017515868255043365
4.074300936684497,-0.5007871337990076,-3.2657909517790786
4.31324212108169,-0.7526053918953446,-2.5262605503895394
4.552183305478883,-1.0044236499916814,-1.7867301490000003
3.575428028824591,0.3163059615517979,-4.295474831134497
3.814369213221784,0.06448770345546095,-3.5559444297449576
4.053310397618977,-0.187330554640876,-2.8164140283554184
3.0765551209646853,1.1333990569026033,-5.325158710489915
3.315496305361878,0.8815807988062665,-4.585628309100376
3.5544374897590707,0.6297625407099295,-3.846097907710837
2.8166233975019717,1.6986738941570723,-5.615312188455794
