-1.600000000000000711e+01
-1.309016994374949405e+01
-1.309016994374947984e+01
-1.309016994374947629e+01
-1.309016994374945675e+01
-1.047213595499959027e+01
-1.047213595499958672e+01
-1.047213595499957073e+01
-1.047213595499957073e+01
-6.854101966249689148e+00
-6.854101966249684708e+00
-6.854101966249679379e+00
-6.854101966249679379e+00
-5.000000000000003553e+00
-5.000000000000002665e+00
-5.000000000000001776e+00
-5.000000000000001776e+00
-5.000000000000000888e+00
-5.000000000000000000e+00
-4.999999999999999112e+00
-4.999999999999996447e+00
-1.909830056250527042e+00
-1.909830056250525931e+00
-1.909830056250525487e+00
-1.909830056250522601e+00
-1.527864045000426829e+00
-1.527864045000422166e+00
-1.527864045000421944e+00
-1.527864045000421722e+00
-1.000000000000002665e+00
-1.000000000000000888e+00
-1.000000000000000444e+00
-1.000000000000000000e+00
-9.999999999999988898e-01
-9.999999999999984457e-01
-9.999999999999970024e-01
-9.999999999999964473e-01
-1.458980337503251457e-01
-1.458980337503177349e-01
-1.458980337503146540e-01
-1.458980337503100189e-01
-1.241634261798853529e-14
-3.605710932427062119e-15
-1.079264365514591039e-15
-2.678891937686340263e-16
1.111678741889396594e-15
1.409187779337652399e-15
1.961359170007477747e-15
2.218004216321274352e-15
2.815461720473042695e-15
