0.193349 0.431256
0.216765 0.418247
0.221318 0.401336
0.240181 0.409141
0.263597 0.403938
0.270752 0.398084
0.277256 0.413044
0.307177 0.400035
0.315633 0.379871
0.331243 0.391579
0.353358 0.385075
0.363765 0.380522
0.371571 0.394831
0.398889 0.375969
0.406044 0.362309
0.420354 0.373367
0.431411 0.364261
0.437916 0.353854
0.452876 0.359057
0.466535 0.355154
0.478894 0.327836
0.476292 0.297265
0.474991 0.260190
0.482146 0.251084
0.483447 0.225716
0.481495 0.195146
0.489951 0.174332
0.488650 0.102132
0.497106 0.098230
0.495155 0.029283
0.503610 0.023429
0.506635 -0.047130
0.509686 -0.052216
0.508669 -0.121385
0.517824 -0.128505
0.513819 -0.206857
0.522183 -0.233142
0.521586 -0.298857
0.463637 -0.313792
0.452287 -0.314390
0.354909 -0.276156
0.342364 -0.285117
0.326234 -0.286312
0.265896 -0.257039
0.249168 -0.267195
0.236623 -0.267195
0.175687 -0.240909
0.160752 -0.249272
0.144622 -0.249272
0.083089 -0.222389
0.068154 -0.230753
0.055011 -0.232545
-0.005615 -0.205689
-0.019925 -0.212844
-0.033584 -0.214145
-0.094726 -0.186176
-0.112288 -0.194632
-0.124646 -0.196583
-0.185788 -0.167964
-0.201398 -0.177070
-0.216359 -0.177070
-0.264143 -0.155449
-0.275777 -0.137550
-0.264143 -0.129495
-0.270408 -0.112491
-0.282042 -0.098172
-0.268618 -0.086538
-0.279357 -0.068639
-0.275777 -0.038211
-0.286517 -0.023892
-0.274882 -0.012258
-0.285622 0.001167
-0.282474 0.044595
-0.296227 0.053000
-0.281710 0.063697
-0.291643 0.078978
-0.291643 0.118710
-0.303104 0.125586
-0.289351 0.141632
-0.299284 0.153093
-0.294699 0.194353
-0.310745 0.200465
-0.296227 0.215747
-0.304632 0.229500
-0.302340 0.301322
-0.312273 0.310491
-0.308452 0.375437
-0.319130 0.383211
-0.314431 0.449780
-0.326962 0.460744
-0.313648 0.470925
-0.323046 0.491287
-0.319130 0.526529
-0.302684 0.517915
-0.299551 0.531228
-0.279973 0.526529
-0.269008 0.521047
-0.260394 0.501468
-0.244730 0.511649
-0.232983 0.508517
-0.228284 0.489721
-0.210272 0.502251
-0.196958 0.496769
-0.182078 0.489721
-0.174246 0.501468
-0.158583 0.499119
-0.142137 0.489721
-0.136655 0.474058
-0.120208 0.481889
-0.108461 0.477973
-0.102979 0.460744
-0.088099 0.470925
-0.083400 0.482672
-0.064604 0.482672
-0.050507 0.472491
-0.045025 0.451346
-0.030928 0.465443
-0.018398 0.460744
0.000398 0.452129
0.003531 0.467792
0.023893 0.460744
0.040339 0.452912
0.044255 0.438032
0.059135 0.445864
0.074798 0.441948
0.088895 0.434117
0.093594 0.449780
0.115522 0.441948
0.126486 0.437249
0.131968 0.420020
0.147632 0.430984
0.162512 0.423936
0.182091 0.416104
