0.185056 0.417055
0.193295 0.431798
0.218012 0.417489
0.223649 0.397975
0.240127 0.411851
0.271782 0.396241
0.275685 0.417055
0.308207 0.400577
0.315578 0.377161
0.334224 0.393639
0.363711 0.378462
0.365879 0.397108
0.395366 0.381497
0.404472 0.360683
0.420950 0.374126
0.432658 0.370657
0.438295 0.348108
0.453906 0.360250
0.483555 0.350872
0.479652 0.255908
0.482254 0.249837
0.484422 0.183926
0.489192 0.174386
0.491493 0.107473
0.496827 0.098937
0.498428 0.031187
0.502696 0.022652
0.504829 -0.044031
0.510164 -0.053633
0.510164 -0.118182
0.517099 -0.128318
0.516733 -0.223044
0.521800 -0.234023
0.522222 -0.299473
0.452128 -0.314674
0.353742 -0.277093
0.338963 -0.285538
0.325873 -0.287650
0.265491 -0.258514
0.247530 -0.270083
0.234521 -0.270083
0.175331 -0.241464
0.161671 -0.249269
0.147362 -0.251220
0.085570 -0.223902
0.071910 -0.232357
0.056300 -0.233008
-0.005523 -0.203413
-0.017231 -0.214470
-0.034143 -0.214470
-0.093984 -0.187152
-0.110895 -0.196908
-0.125855 -0.196908
-0.185696 -0.167638
-0.196103 -0.178696
-0.218218 -0.177395
-0.265212 -0.160971
-0.279522 -0.134303
-0.264562 -0.124547
-0.273668 -0.105033
-0.280823 -0.099830
-0.269115 -0.084870
-0.278872 -0.073812
-0.275620 -0.034135
-0.287327 -0.025029
-0.271717 -0.005516
-0.286677 0.003590
-0.282124 0.043918
-0.294482 0.051073
-0.278221 0.066033
-0.293832 0.077090
-0.289279 0.120670
-0.300336 0.127174
-0.285376 0.142785
-0.302288 0.153192
-0.296206 0.195123
-0.309779 0.203669
-0.292184 0.219253
-0.308270 0.229307
-0.301233 0.300690
-0.312292 0.305717
-0.309137 0.373986
-0.319114 0.380969
-0.317167 0.450252
-0.327699 0.457625
-0.311374 0.472898
-0.326120 0.485537
-0.321906 0.527668
-0.302421 0.518540
-0.301902 0.532332
-0.270293 0.521607
-0.259568 0.496771
-0.244327 0.513140
-0.231909 0.509754
-0.225700 0.487175
-0.214976 0.499593
-0.179415 0.489433
-0.172077 0.502980
-0.141031 0.483224
-0.137080 0.468548
-0.120711 0.482095
-0.085715 0.469677
-0.081763 0.484353
-0.050718 0.466290
-0.044509 0.451614
-0.031526 0.461210
0.004034 0.452179
0.008550 0.467984
0.039595 0.448792
0.044111 0.431858
0.060480 0.445405
0.092090 0.434681
0.098863 0.448228
0.128215 0.430165
0.134989 0.411538
0.153052 0.427907
