0.484910 0.321332
0.496618 0.317429
0.503773 0.299216
0.519384 0.309624
0.533043 0.303770
0.541499 0.312876
0.552556 0.311575
0.557109 0.293362
0.575322 0.303119
0.587030 0.298566
0.592233 0.279053
0.606543 0.291411
0.622804 0.286858
0.644919 0.299216
0.641667 0.249783
0.620202 0.258889
0.616950 0.213358
0.598087 0.225716
0.589631 0.150265
0.570118 0.160672
0.564264 0.115792
0.544100 0.124898
0.537596 0.050748
0.516782 0.061155
0.512229 0.015624
0.494016 0.026031
0.487040 -0.046231
0.465362 -0.037560
0.462110 -0.082541
0.439891 -0.072244
0.436639 -0.117767
0.413336 -0.106928
0.410626 -0.179006
0.389491 -0.171961
0.384613 -0.214774
0.365103 -0.206645
0.357586 -0.278322
0.338723 -0.270517
0.334821 -0.291331
0.295144 -0.271167
0.274329 -0.275070
0.204732 -0.252955
0.183918 -0.258809
0.113020 -0.234742
0.092856 -0.239946
0.021958 -0.217181
0.003095 -0.221083
-0.067315 -0.199727
-0.086395 -0.203630
-0.157510 -0.178913
-0.177023 -0.184550
-0.280281 -0.150022
-0.301095 -0.156527
-0.370476 -0.131810
-0.390856 -0.137013
-0.430316 -0.130943
-0.430316 -0.110129
-0.411237 -0.105792
-0.403431 -0.078040
-0.387821 -0.072403
-0.377847 -0.012996
-0.358768 -0.003456
-0.352697 0.020827
-0.334051 0.029933
-0.326246 0.085447
-0.309847 0.092595
-0.302960 0.120449
-0.280804 0.125988
-0.276188 0.185072
-0.256339 0.192457
-0.248954 0.220153
-0.234183 0.228923
-0.225412 0.283391
-0.202333 0.290777
-0.199101 0.318473
-0.182022 0.325858
-0.174271 0.382403
-0.152807 0.389327
-0.148653 0.417023
-0.128574 0.424639
-0.117487 0.460351
-0.106594 0.431137
-0.088769 0.443516
-0.075400 0.438564
-0.070943 0.417768
-0.056584 0.428166
-0.042225 0.423214
-0.022914 0.438069
-0.014001 0.406379
0.000854 0.424700
0.016203 0.418758
0.016203 0.398952
0.034524 0.412816
0.047893 0.407865
0.069184 0.416777
0.073641 0.394001
0.088495 0.404399
0.105330 0.400933
0.107806 0.384098
0.122165 0.393010
0.136525 0.390039
0.155340 0.398457
0.167224 0.375185
0.179107 0.388059
0.192477 0.384593
0.198418 0.367758
0.211292 0.375680
0.227632 0.372214
0.232089 0.350923
0.248924 0.363796
0.261798 0.361321
0.275167 0.369738
0.285070 0.364787
0.287050 0.350427
0.300914 0.359340
0.318740 0.353398
0.321711 0.337058
0.341021 0.344486
0.353895 0.339534
0.362313 0.353398
0.373701 0.349437
0.378158 0.330126
0.395488 0.337553
0.406585 0.335804
0.411789 0.311521
0.427833 0.327999
0.442143 0.326698
0.458187 0.334937
0.469461 0.309786
