0.156708 0.426215
0.170150 0.402799
0.190097 0.413640
0.215248 0.421012
0.225655 0.394127
0.247336 0.411472
0.272053 0.397162
0.275956 0.413640
0.307177 0.402366
0.316283 0.376782
0.331460 0.393693
0.362248 0.379817
0.363982 0.400631
0.393469 0.383286
0.404309 0.360737
0.417758 0.374288
0.432502 0.370241
0.438862 0.345380
0.454183 0.361279
0.485941 0.351099
0.478298 0.258103
0.483393 0.250035
0.483393 0.183367
0.490187 0.173600
0.491265 0.107711
0.496595 0.099715
0.496062 0.033621
0.501926 0.024026
0.504058 -0.043135
0.509388 -0.053795
0.508855 -0.119357
0.517916 -0.126819
0.515784 -0.222763
0.521114 -0.233423
0.523666 -0.299949
0.450816 -0.314259
0.353250 -0.275232
0.339807 -0.283471
0.324630 -0.284772
0.261754 -0.258321
0.251781 -0.266560
0.234869 -0.266994
0.174974 -0.240813
0.162616 -0.249269
0.146355 -0.251220
0.084563 -0.223251
0.070253 -0.232357
0.055293 -0.232357
-0.004548 -0.203088
-0.021459 -0.214145
-0.037070 -0.216747
-0.094309 -0.186827
-0.109269 -0.193981
-0.124880 -0.195933
-0.184883 -0.168289
-0.199843 -0.178046
-0.216104 -0.179997
-0.266256 -0.156246
-0.276984 -0.131003
-0.263732 -0.126586
-0.270674 -0.108916
-0.280771 -0.101343
-0.267518 -0.088721
-0.278246 -0.075469
-0.275091 -0.032556
-0.287713 -0.026245
-0.274460 -0.007944
-0.285819 0.001522
-0.280140 0.043173
-0.293392 0.050114
-0.280771 0.067784
-0.294654 0.075988
-0.290868 0.118270
-0.300965 0.128367
-0.288975 0.140358
-0.300965 0.152979
-0.294116 0.193445
-0.306645 0.200231
-0.295682 0.219546
-0.306645 0.226854
-0.302469 0.296283
-0.314475 0.303069
-0.308733 0.375630
-0.319695 0.379806
-0.314997 0.450278
-0.327003 0.459153
-0.312387 0.474813
-0.324393 0.484732
-0.321783 0.527015
-0.300380 0.517097
-0.298118 0.532320
-0.269821 0.521348
-0.260004 0.499403
-0.247299 0.511531
-0.231129 0.507488
-0.224199 0.484389
-0.203410 0.500558
-0.192437 0.473416
-0.170493 0.486699
-0.146816 0.493051
-0.136421 0.470529
-0.119673 0.481501
-0.085024 0.469951
-0.086179 0.483811
-0.050375 0.471106
-0.047487 0.451472
-0.033050 0.464754
-0.000710 0.470529
0.037981 0.454359
0.044334 0.435302
0.058771 0.446852
0.091111 0.434724
0.096885 0.450317
0.125183 0.436457
0.133845 0.414512
