1381
1407
1516
1522
1712
1714
1687
1694
1706
1744
546
547
2728
2720
2737
2732
2660
2796
2791
2770
2747
2749
2759
2240
2242
2251
2219
2215
2200
2202
2203
2238
2233
2274
2269
2277
2046
2043
2176
2172
2179
2147
2144
2165
2161
2168
2546
737
753
739
683
685
665
666
658
695
697
698
852
850
815
808
814
272
266
271
243
293
1265
1264
1295
1298
1346
1348
1040
1030
1024
1046
1045
1236
1228
1226
1240
1201
1193
1197
1177
1180
1212
1205
1209
382
385
1881
1873
1878
1838
1843
1808
1807
1805
1820
1824
1855
1969
1967
1580
1584
1414
1413
1411
1374
1382