0.120977 0.500747
0.119026 0.482534
0.133336 0.485787
0.129433 0.456517
0.115774 0.442207
0.127482 0.431150
0.126831 0.403181
0.141141 0.407734
0.135287 0.380415
0.122929 0.369358
0.135287 0.355048
0.132685 0.327079
0.146995 0.332282
0.141141 0.304313
0.128132 0.292605
0.141792 0.278296
0.141792 0.251627
0.156101 0.256181
0.150898 0.230813
0.135287 0.215853
0.148947 0.202844
0.146995 0.173574
0.160654 0.181380
0.158703 0.154061
0.142442 0.139101
0.155451 0.128043
0.154750 0.100944
0.167934 0.105163
0.165825 0.079849
0.149476 0.062973
0.161605 0.052425
0.148421 0.033439
0.160551 0.022892
0.157914 -0.005587
0.175317 0.000214
0.171098 -0.024045
0.155277 -0.039867
0.168989 -0.052524
0.165825 -0.080475
0.181119 -0.076256
0.177427 -0.099461
0.161605 -0.115810
0.173735 -0.128994
0.171626 -0.157473
0.186920 -0.151672
0.182701 -0.175931
0.190343 -0.188329
0.177725 -0.196741
0.128456 -0.206355
0.117641 -0.220775
0.070174 -0.229187
0.059358 -0.242406
0.011291 -0.253822
0.001076 -0.266440
-0.045790 -0.275452
-0.057206 -0.288671
-0.105366 -0.298377
-0.115773 -0.311386
-0.163906 -0.321793
-0.173663 -0.334152
-0.220495 -0.345860
-0.232203 -0.358218
-0.303101 -0.373178
-0.319362 -0.347161
-0.330419 -0.334802
-0.336924 -0.317240
-0.322614 -0.242439
-0.334322 -0.228780
-0.331070 -0.166338
-0.342127 -0.153979
-0.347331 -0.139669
-0.337574 -0.090886
-0.346680 -0.080479
-0.356437 -0.064869
-0.342778 -0.014785
-0.354486 -0.002426
-0.362291 0.013835
-0.351233 0.060016
-0.362513 0.072540
-0.357467 0.135613
-0.367559 0.149489
-0.363294 0.212625
-0.376254 0.224822
-0.372442 0.303342
-0.363294 0.323163
-0.316030 0.333835
-0.303833 0.346032
-0.256822 0.354672
-0.246658 0.369410
-0.196344 0.379067
-0.190754 0.390247
-0.174491 0.383640
-0.171031 0.396114
-0.135924 0.401776
-0.134792 0.414234
-0.114973 0.405740
-0.112142 0.419330
-0.076468 0.426125
-0.073637 0.436317
-0.056650 0.428390
-0.053818 0.444245
-0.017012 0.447642
-0.016446 0.460100
0.001107 0.451606
0.005637 0.465762
0.061696 0.476521
0.064527 0.487846
