1641
1642
1632
1635
1637
1636
1639
1634
1643
1638
1645
1640
1633
1644
1607
1609
1611
1610
1608
1657
1660
1603
1605
1606
1597
1654
1629
1598
1592
1600
1612
1658
1655
1651
1650
1620
1623
1624
1604
1593
1599
1659
1646
1649
1656
1648
1616
1617
1615
1620
1591
1594
1596
1595
1622
1626
1621
1628
1627
1678
1674
1676
1677
1675
1670
1625
1631
1630
1601
1614
1653
1647
1652
1461
1463
1465
1464
1682
1619
1613
1618
1462
1785
1788
1661
1664
1666
1665
1679
1457
1459
1460
1452
1447
1455
1466
1453
1448
1458
1475
1474
1472
1477
1680
1681
1671
1663
1667
1668
1669
1662
1673
1672
1439
1440
1441
1395
1473
1476
1450
1451
1449
1446
1454
1435
1437
1438
1430
1572
1431
1425
1432
1396
1391
1390
1397
1378
1408
1379
1392
1394
1393
1426
1568
1436
1564
1567
1566
1428
1570
1429
1427
1424
1368
1371
1373
1372
1370
1375
1369
1377
1389
1385
1376
1444
1443
1434
1433
1569
1565
1571
1574
1573
1535
1537
1538
1529
1539
1541
1540
1445
1442
1387
1388
1386
1384
1416
1412
1421
1579
1583
1589
1543
1532
1524
1530
1561
1556
1536
1525
1526
1523
1531
1590
1575
1578
1577
1581
1576
1582
1547
1548
1546
1534
1528
1527
1554
1558
1559
1560
1553
1919
1915
1557
1563
1562
1533
1545
1550
1544
1551
1923
1905
1916
1917
1918
1920
1549
1588
1587
1586
1971
1968
1849
1850
1854
1921
1922
1906
1899
1900
1898
1895
1903
1897
1902
1896
1904
1914
1910
1901
1908
1907
1852
1853
1846
1847
1851
1810
1819
1818
1816
1856
1857
1930
1924
1909
1911
1912
1913
1929
1925
1931
1927
1928
1926
1842
1811
1806
1817
1837
1836
1833
1840
1835
1839
1834
1841
1890
1886
1887
1882
1888
1889
1880
1885
1884
1409
1403
1404
1400
1401
1402
1398
1399
1406
1456
1468
1470
1469
1467
1471
1405
1517
1519
1518
1784
1783
1782
1776
1768
1787
1786
1778
1777
1773
1771
1772
1770
1775
1769
1774
1781
1802
1799
1798
1803
1801
1800
1720
1715
1716
1696
1695
1697
1735
1736
1780
1730
1779
1792
1790
1794
1796
1797
1793
1789
1795
1791
1733
1732
1727
1728
1726
1723
1725
1734
1702
1703
1729
1724
1731
1699
1701
1700
1698
1689
1690
1685
1684
1692
1688
1686
1683
1691
1704
1748
1751
1745
1746
1749
1750
1707
1709
1708
1737
1740
1742
1741
1747
1739
1738
1743
548
550
549
2731
2739
2740
2736
2738
2799
2800
2795
2801
2802
2803
2772
2773
2797
2768
2767
2774
2757
2758
2769
2771
2750
2752
2751
2782
2783
2779
2780
2776
2775
2781
2778
2777
2250
2249
2243
2245
2244
1213
1211
1215
1214
1202
1200
1243
1239
1241
1242
1233
1238
1234
1227
1232
1237
1013
1014
1015
969
970
1009
1011
1012
1004
999
1006
965
964
971
1049
952
982
983
977
978
974
955
956
957
992
984
994
1086
993
1158
1159
1154
1160
1161
1162
1123
1124
1118
1125
1107
1136
1137
1131
1132
1128
1127
1134
1133
1126
1129
1135
1109
1147
1148
1144
1138
1146
1141
1142
1145
1112
1111
1113
1110
1104
1099
1101
1102
1100
1097
1108
1120
1122
1121
1119
1156
1150
1155
1151
988
989
987
986
990
985
958
948
949
944
946
947
945
953
942
943
951
960
962
995
1153
1152
1149
1157
961
959
963
950
968
966
967
1018
1017
1016
1019
1008
998
1001
1003
1002
1000
1007
1114
1117
1163
1164
1105
1106
1098
1116
1115
1113
1143
1103
1140
1010
1139
973
980
975
972
976
954
996
997
991
1082
1083
1081
1080
1084
1088
1087
1061
1085
1055
1056
1053
1058
1064
1057
1095
1089
981
1091
1093
1092
1090
979
1355
1044
1354
1353
1366
1363
1096
1094
1066
1052
1054
1051
1062
1079
1072
1074
1076
1059
1060
1068
1070
1069
1365
1364
1285
1362
1367
1297
1260
1277
1280
1284
1067
1071
1333
1332
1324
1315
1075
1073
1078
1077
1331
1330
1329
1323
1316
1321
1328
1327
1325
1322
1317
1318
1320
1319
1282
1287
1278
1283
1279
1281
1261
1255
1250
1252
1253
1286
1258
1338
1335
1326
1337
1339
1336
1334
1276
1269
1274
1312
1310
1311
1275
1270
1259
1271
1273
1272
1251
1248
1249
1257
1263
1254
1268
1256
1314
1313
1307
1299
1302
1303
276
267
1306
1300
1304
1309
1308
274
1305
1301
269
270
268
265
275
837
841
835
836
838
819
840
839
843
842
809
811
812
817
818
810
807
829
834
827
828
831
830
833
832
863
862
861
857
851
855
860
856
859
703
699
704
796
790
791
792
793
794
795
797
798
702
667
664
686
682
690
751
752
2547
2539
2162
2164
2145
2146
2138
2173
2175
2044
2045
2038
2270
2272
2273
2239
2209
2204
2199
2208
2217
2218
2216
2265
2268
2262
2258
2264
2072
2410
2413
2402
2421
2422
2418
2414
2420
2341
2342
2416
2415
2419
2397
2398
2403
2411
2412
2074
2417
2404
2400
2399
2407
2408
2409
2013
2014
2006
2427
2424
2131
2125
2126
2124
2130
2031
2025
2018
2028
2021
2023
2022
2189
2185
2184
2190
2194
2195
2196
2158
2479
2549
2550
2540
2532
2537
2531
2538
750
2530
2533
2535
2534
2166
2171
2167
2163
2136
2137
2134
2139
2133
2141
2148
2150
2177
2174
2036
2037
2034
2039
2033
2040
2047
2275
2271
2279
2287
2290
2227
2221
2210
2223
2225
2224
2222
2226
2065
2085
2288
2289
2080
2082
2003
2049
2048
2004
1999
2001
2002
2000
1987
1976
1979
1998
2005
2081
2083
2066
2056
2061
2067
2068
2060
2261
2255
2220
2207
2267
2266
2263
2254
2257
2259
2256
2260
2069
2071
2073
2070
2063
2055
2054
2057
2058
2059
2084
1986
2016
2017
2011
2064
2076
2078
2077
2062
2393
2396
2395
2394
2401
2075
2079
2007
2012
2008
2009
2010
1989
1978
1983
1988
1990
1991
1982
2030
2026
2019
2020
2024
1992
1994
1993
1997
1985
1977
1984
2052
2032
2042
2051
2050
1995
1996
2029
2187
2186
2183
2191
2197
2198
2140
2152
2149
2053
2041
2151
2135
2132
2157
2156
2154
2155
2143
2142
2170
2160
2153
2159
2551
2548
1981
1980
2015
2406
2405
2339
2332
2335
2337
2336
2334
2333
2343
2338
2340
2345
2344
2428
2423
2307
2309
2311
2310
2308
2364
2367
2355
2312
2300
2292
2298
2297
2306
2305
2303
2304
2325
2329
2425
2426
2321
2129
2101
2103
2105
2104
2102
2328
2322
2323
2295
2296
2294
2293
2291
2299
2366
2365
2356
2346
2349
2351
2350
2358
2348
2353
2352
2360
2359
2357
2347
2354
2314
2316
2315
2317
2302
2319
2361
2362
2363
2318
2313
2320
2387
2389
2392
2390
2379
2388
2391
2301
2330
2327
2331
2326
2372
2373
2377
2385
2106
2386
2094
2095
2087
2092
2100
2099
2093
2088
2098
2090
2091
2089
2086
2116
2117
2118
2120
2119
2123
2122
2096
2115
2121
2027
2582
2578
2580
2581
2579
2568
2606
2601
2605
2602
2600
2470
2473
2475
2474
2472
2480
2604
2603
2607
2608
2476
2471
2478
2482
2477
2542
2541
2536
754
689
2545
2544
2543
2556
2552
2557
2481
2553
802
803
801
691
800
804
799
805
706
707
701
694
773
763
768
774
775
767
762
770
776
778
780
779
777
781
769
761
766
765
764
771
772
784
786
785
783
782
789
788
787
2521
2520
2519
2513
2506
2505
2508
2523
2522
2514
2466
2460
2459
2555
806
2554
2467
2441
2443
2444
2435
2436
2463
2442
2461
2465
2464
2469
2468
2439
2528
2509
2525
2510
2507
2512
2511
2518
2517
2515
2529
2516
2527
2526
2524
2456
2500
2499
2498
2489
2497
2496
2494
2490
2597
2484
2491
2457
2451
2458
2440
2453
2455
2454
2452
2433
2434
2432
2429
2431
2430
2438
2445
2447
2449
2448
2446
2450
2437
2503
2502
2493
2483
2486
2488
2487
2485
2495
2593
2592
2589
2591
2594
2576
2492
2504
2501
2577
2574
2575
2573
2590
2596
2595
2599
2598
2569
2571
2572
2564
2559
2567
2565
2560
2566
2609
2558
2561
2563
2562
2587
2584
2570
2586
2588
2585
2583
2112
2384
2383
2382
2114
2107
2113
2108
2109
2097
2110
2111
2368
2371
2370
2376
2369
2375
2374
2381
2380
2378
2128
2127
2324
2188
2193
2192
1005
1262
1065
1057
1063
1552
1555
1845
1848
1542
1602
2035
2462
1130