-0.318730 0.525535
-0.300974 0.517575
-0.297913 0.533494
-0.270361 0.521249
-0.262401 0.499207
-0.245870 0.513902
-0.233625 0.508391
-0.225665 0.486350
-0.202399 0.499820
-0.191378 0.474717
-0.171785 0.484513
-0.147295 0.492472
-0.135049 0.469818
-0.114232 0.480839
-0.089129 0.469206
-0.081170 0.487574
-0.051169 0.471043
-0.045658 0.450838
-0.024229 0.463083
-0.013820 0.437980
0.008834 0.451450
0.033937 0.456349
0.044345 0.431246
0.066387 0.446552
0.092102 0.434307
0.098225 0.451450
0.123328 0.439205
0.133124 0.417776
0.156390 0.426347
0.169248 0.404306
0.189453 0.415939
0.216393 0.420837
0.225577 0.395734
0.246394 0.412265
0.272721 0.397571
0.274558 0.414714
0.306526 0.400414
0.316066 0.380034
0.328641 0.390875
0.364633 0.378733
0.367234 0.395645
0.394119 0.383069
0.404526 0.363990
0.418402 0.376131
0.434447 0.370494
0.440951 0.350547
0.450925 0.363122
0.485615 0.352282
0.478243 0.259052
0.482579 0.249945
0.482579 0.184468
0.489084 0.174061
0.489252 0.107949
0.495676 0.098849
0.496747 0.032469
0.502100 0.023368
0.503170 -0.043012
0.510665 -0.052112
0.509059 -0.119563
0.515483 -0.128128
0.516611 -0.224021
0.521273 -0.233927
0.521856 -0.298024
0.451732 -0.317168
0.353862 -0.277185
0.340733 -0.285539
0.325814 -0.288523
0.267928 -0.259282
0.253009 -0.269427
0.235106 -0.271217
0.176622 -0.242572
0.162300 -0.249137
0.144397 -0.251524
0.085914 -0.222282
0.071591 -0.232427
0.055479 -0.234217
-0.002938 -0.205202
-0.017899 -0.212356
-0.035460 -0.215609
-0.092699 -0.186339
-0.108310 -0.196095
-0.124571 -0.195445
-0.183111 -0.168126
-0.200022 -0.175932
-0.214332 -0.176582
-0.262665 -0.155605
-0.273939 -0.133057
-0.264833 -0.126552
-0.269603 -0.109641
-0.280010 -0.103570
-0.270037 -0.084924
-0.280444 -0.074950
-0.276541 -0.032455
-0.287815 -0.023782
-0.273506 -0.009039
-0.289983 0.001802
-0.281311 0.042129
-0.292152 0.051235
-0.283045 0.065545
-0.293965 0.075264
-0.290847 0.118231
-0.302628 0.126547
-0.289461 0.141447
-0.302281 0.151150
-0.295351 0.195503
-0.308172 0.202433
-0.292579 0.220452
-0.309905 0.229115
-0.302278 0.301335
-0.314706 0.303406
-0.306421 0.376594
-0.322301 0.381427
-0.314638 0.450398
-0.327086 0.457755
-0.312374 0.477560
-0.326521 0.484916
