-0.243516 -0.176572
-0.290964 -0.112922
-0.295014 -0.015712
-0.251038 -0.000089
-0.255088 0.163085
-0.196647 0.178708
-0.196068 0.262031
-0.146306 0.279390
-0.153193 0.357691
-0.117758 0.365284
-0.094472 0.299983
-0.041319 0.341999
-0.011959 0.288340
0.120670 0.349086
0.139925 0.291831
0.197209 0.325392
0.233663 0.269843
0.288055 0.308033
0.317565 0.257113
0.436185 0.317291
0.468070 0.260746
0.526716 0.295244
0.556614 0.247522
0.710649 0.315844
0.693869 0.167136
0.658572 0.200118
0.637742 0.200696
0.641792 0.057774
0.641792 -0.021498
0.615753 0.026528
0.586243 0.024213
0.590872 -0.094406
0.561941 -0.070682
0.531852 -0.074154
0.545160 -0.197981
0.505235 -0.173100
0.483825 -0.173100
0.495398 -0.229228
0.254687 -0.189302
0.210711 -0.211290
0.028441 -0.174547
-0.030000 -0.198271
-0.212848 -0.165289
