0.133997 0.412068
0.167657 0.407678
0.182292 0.438411
0.258394 0.410605
0.280346 0.372554
0.318397 0.398897
0.398889 0.390116
0.414988 0.422313
0.448648 0.417922
0.460356 0.316941
0.486699 0.294989
0.488162 0.210106
0.495480 0.135468
0.524750 0.107661
0.533531 0.021315
0.542312 -0.066495
0.567191 -0.081130
0.577436 -0.170403
0.583290 -0.255286
0.518896 -0.280165
0.476454 -0.296263
0.393035 -0.266994
0.376937 -0.291873
0.330105 -0.296263
0.229124 -0.268457
0.161803 -0.250895
0.129606 -0.280165
-0.015280 -0.261140
-0.072356 -0.234797
-0.104553 -0.264067
-0.146995 -0.271384
-0.240658 -0.252359
-0.312370 -0.209917
-0.319687 -0.133815
-0.346030 -0.104546
-0.319687 -0.056250
-0.350420 -0.028444
-0.365055 0.065220
-0.388471 0.090099
-0.367982 0.139858
-0.401643 0.167665
-0.403106 0.268646
-0.395789 0.343284
-0.401643 0.434021
-0.356274 0.439875
-0.305052 0.425240
-0.312370 0.461827
-0.240658 0.453046
-0.198217 0.401824
-0.157239 0.434021
-0.110407 0.429630
-0.062112 0.409141
-0.069429 0.450119
0.011063 0.432557
0.037406 0.385725
0.079847 0.419386
0.117898 0.391579
