0.622793 0.289709
0.642853 0.292795
0.640152 0.250362
0.625108 0.258849
0.617007 0.214101
0.598877 0.222974
0.590004 0.150066
0.569559 0.160867
0.564930 0.117277
0.544871 0.123835
0.537156 0.051699
0.520568 0.060185
0.510925 0.019295
0.493180 0.025853
0.486236 -0.046669
0.466177 -0.038568
0.460336 -0.082012
0.439631 -0.072623
0.434575 -0.118124
0.417723 -0.106568
0.408815 -0.178793
0.390277 -0.171811
0.383296 -0.215387
0.364758 -0.206479
0.356813 -0.278464
0.338035 -0.270760
0.333170 -0.314197
0.313882 -0.320112
0.275821 -0.303653
0.252419 -0.310083
0.147236 -0.275107
0.128206 -0.280251
0.056302 -0.255834
0.037014 -0.261749
-0.033451 -0.237832
-0.052739 -0.244518
-0.123460 -0.219316
-0.143005 -0.226517
-0.215784 -0.202600
-0.233529 -0.208000
-0.304898 -0.185573
-0.323414 -0.190588
-0.395551 -0.167057
-0.419806 -0.174643
-0.430221 -0.154584
-0.444494 -0.146483
-0.431378 -0.110608
-0.413634 -0.103664
-0.402833 -0.076661
-0.388174 -0.069718
-0.380459 -0.010697
-0.366572 -0.016484
-0.353070 0.028650
-0.340726 0.017463
-0.328382 0.091914
-0.313723 0.083427
-0.301379 0.126631
-0.289421 0.117759
-0.275919 0.186038
-0.263575 0.187195
-0.258175 0.194139
-0.250459 0.227314
-0.238115 0.216898
-0.224867 0.285785
-0.211247 0.282154
-0.199141 0.323920
-0.184008 0.315143
-0.172205 0.383846
-0.157980 0.379911
-0.145105 0.422031
-0.133283 0.414938
-0.123600 0.456372
-0.106036 0.433741
-0.090160 0.443199
-0.075973 0.437456
-0.070907 0.418541
-0.058409 0.429012
-0.040169 0.427323
-0.027333 0.436443
-0.014497 0.407732
0.004081 0.423270
0.013201 0.419892
0.018605 0.395572
0.036507 0.411447
0.045627 0.409421
0.067583 0.416514
0.075690 0.391518
0.091903 0.404692
0.105077 0.399963
0.107103 0.382736
0.123654 0.393207
0.136828 0.388816
0.154730 0.398950
0.166215 0.368549
0.181415 0.385776
0.193575 0.382061
0.198979 0.358416
0.215193 0.374292
0.228366 0.371252
0.232082 0.349972
0.248633 0.362469
0.262820 0.358078
0.273966 0.367536
0.284364 0.363581
0.289765 0.342751
0.305581 0.356638
0.319082 0.353938
0.321782 0.330021
0.337984 0.345451
0.351485 0.340436
0.362287 0.352780
0.373859 0.348151
0.378874 0.327320
0.393533 0.339279
0.407420 0.335421
0.414363 0.314591
0.425936 0.327706
0.442138 0.321920
0.457954 0.335807
0.471069 0.306875
0.486622 0.322209
0.497423 0.317194
0.502438 0.298678
0.518254 0.310251
0.530984 0.306008
0.544485 0.315651
0.550272 0.314108
0.557215 0.292892
0.575346 0.304850
0.587304 0.300607
0.591547 0.280933
0.608521 0.292120
