-0.387001 0.433065
-0.346844 0.439405
-0.325709 0.458427
-0.284495 0.459484
-0.235885 0.435178
-0.195728 0.440462
-0.147117 0.415100
-0.108017 0.426724
-0.084769 0.441519
-0.050952 0.445746
0.001885 0.426724
0.046269 0.426724
0.092766 0.405589
0.133980 0.405589
0.154058 0.429895
0.194215 0.429895
0.243883 0.409816
0.277699 0.417213
0.332650 0.391851
0.369636 0.395022
0.390772 0.414043
0.428815 0.421440
0.484823 0.400305
0.521809 0.409816
0.577817 0.376000
0.587328 0.295687
0.564080 0.272438
0.574647 0.198465
0.582044 0.120265
0.570420 0.081165
0.576761 -0.002319
0.585215 -0.073121
0.566193 -0.094256
0.575704 -0.167172
0.567250 -0.215783
0.573590 -0.293983
0.526036 -0.347878
0.490107 -0.352105
0.470028 -0.373240
0.422474 -0.377467
0.371750 -0.353162
0.333707 -0.361616
0.284039 -0.337310
0.247053 -0.338367
0.225918 -0.358445
0.183647 -0.362672
0.135037 -0.339424
0.096993 -0.345764
0.046269 -0.321459
0.007169 -0.327799
-0.011852 -0.345764
-0.049896 -0.349991
-0.102733 -0.328856
-0.142890 -0.334140
-0.194671 -0.308778
-0.232714 -0.314062
-0.283439 -0.289756
-0.322539 -0.297153
-0.376433 -0.278132
-0.388057 -0.192535
-0.395455 -0.116448
-0.401795 -0.037192
-0.379603 -0.018170
-0.390171 0.054746
-0.382774 0.097016
-0.384887 0.174160
-0.395455 0.251303
-0.375376 0.273495
-0.382774 0.349581
